MeshVersionFormatted 2

Dimension 2

Vertices
2538
0.684957982466330	1.31535028477942	0
0.667110809157145	1.31359876137478	3
0.631822329730540	1.30642025116828	3
0.649465978425094	1.31048548875452	3
0.614472008171520	1.30151435067958	0
0.701682411572472	1.31201550557020	3
0.597365740551165	1.29169003212337	3
0.579976611587995	1.28208269863110	0
0.683711020740475	1.30174701459678	0
0.663278716386800	1.29955118997892	0
0.629324172631475	1.29073516905562	0
0.646641639280434	1.29517261813253	0
0.613242213003690	1.28421816872654	0
0.718133182331484	1.30756068834659	3
0.702694334808253	1.29682861931156	0
0.598620563840875	1.27863205201452	0
0.586391389915839	1.26930525851636	0
0.566715880738300	1.27128200371408	3
0.734334492035984	1.30196349407130	3
0.750040733191435	1.29500103456072	3
0.542218161214800	1.24637435764085	3
0.765164558225223	1.28685240867186	3
0.554102033355875	1.25945195706870	3
0.531691986502315	1.23237259171626	3
0.560198359211195	1.24546325276704	0
0.674839474975561	1.28836157901813	0
0.688993341909885	1.28468673092576	0
0.659952843541180	1.28375649087508	0
0.624439129980645	1.27361252404677	0
0.642586732178689	1.28000378196719	0
0.604486956011724	1.26571844541844	0
0.719309232862585	1.28809494959119	0
0.704230939547315	1.28169749710777	0
0.580291837151776	1.25643508610553	0
0.737439249257694	1.28507056922189	0
0.754762591351336	1.27684550529347	0
0.549490614930036	1.22616236757973	0
0.772156265880500	1.26787946468359	0
0.779803777790640	1.27776231904432	0
0.522811010923880	1.21706269253458	0
0.538569798330976	1.21407458581045	0
0.563940428533079	1.23150524705643	0
0.576394382019126	1.24261331268900	0
0.516791201350395	1.20020497063387	3
0.665599977291565	1.27189542451837	0
0.678965626401854	1.26971168205351	0
0.693978367398200	1.26738548277780	0
0.651139857647290	1.26767138702524	0
0.636559237731061	1.26191991608855	0
0.620841143289709	1.25664602306573	0
0.603751577792420	1.24947807744946	0
0.709484206727135	1.26829143652046	0
0.727339134803360	1.27380478997733	0
0.592210475322291	1.24063326411400	0
0.743491101580220	1.26738251877909	0
0.759359086602347	1.25910686298138	0
0.566321930397111	1.21599318461069	0
0.553201303964330	1.20346716491211	0
0.775925411487029	1.25107455274533	0
0.793366550335620	1.26429677979049	3
0.533416335951179	1.19849321423653	0
0.579620448906855	1.22772669139642	0
0.527340189844715	1.18240632919967	0
0.511023948715764	1.18324449034833	3
0.664214242970650	1.25810056887366	0
0.720978683176090	1.26301296241618	0
0.791636838727095	1.24794925624950	0
0.760712280244031	1.24339881027761	0
0.688019363893150	1.25025238337625	0
0.676615793924080	1.25196899508525	0
0.702148938117939	1.25124783143104	0
0.649262012162361	1.25000268198248	0
0.634907148524864	1.24264347620370	0
0.620002316908786	1.23970263059402	0
0.608569682168664	1.23019968365440	0
0.716908503960265	1.25053286618574	0
0.732806804895989	1.25624013156847	0
0.595192001628400	1.22370487889006	0
0.745447309435029	1.24946387737677	0
0.585151762439641	1.21160613938808	0
0.573384586534135	1.19997263206976	0
0.545563685386080	1.18567158182678	0
0.563486687037441	1.18660827403289	0
0.783501620903934	1.23509990300584	0
0.768312693526500	1.23198499879150	0
0.807098266424575	1.25072672903525	0
0.538654200010756	1.16822195755040	0
0.521740353404845	1.16552085545896	0
0.506031554575725	1.16586073131021	3
0.663163111889655	1.24254825852926	0
0.798857386860290	1.23068472270129	0
0.748572107496995	1.23386308220519	0
0.694963524592195	1.23373611713266	0
0.674902429409725	1.23404885989537	0
0.711691756503374	1.23521788695306	0
0.650780732221565	1.23053976485406	0
0.627799170865180	1.22246695404574	0
0.605703021682200	1.21076272814820	0
0.729658837833775	1.23858035838047	0
0.593906193697515	1.19720944507056	0
0.582126240191131	1.18472107695686	0
0.555637883788856	1.17130770471288	0
0.573329263699094	1.17149292812157	0
0.780237391898619	1.21920505075641	0
0.757777184627565	1.21899520208798	0
0.817911916226270	1.23426327585853	3
0.532721057602220	1.15024275502399	0
0.548825271034750	1.15451244080468	0
0.517511527085895	1.14765305754168	0
0.502866120017100	1.14748762175643	3
0.811463516415980	1.21930641144774	0
0.798586204748951	1.21157401524042	0
0.737805744425415	1.22348295257749	0
0.620464930611455	1.20801780288974	0
0.683252273396130	1.22136170141716	0
0.701788679798835	1.21922608971201	0
0.666616212313700	1.21679294012107	0
0.721097781553980	1.21913019048377	0
0.647140959388095	1.21309007839434	0
0.634296658195045	1.20258300087711	0
0.614787712186684	1.19291791925018	0
0.600441611688050	1.18306173266406	0
0.591395715020010	1.16970362956377	0
0.564982767531776	1.15758522519150	0
0.581327584685395	1.15664794134019	0
0.770122794492900	1.20471708077504	0
0.786396799801694	1.20398832314308	0
0.755121186334785	1.20502177290935	0
0.740150635269681	1.20697608620721	0
0.826378352145719	1.21645189972902	3
0.543236151254015	1.13719771916143	0
0.528830725123130	1.13112703403213	0
0.558651378973091	1.14182559791708	0
0.514997823958289	1.12822969006570	0
0.501646009394835	1.12818008489200	3
0.814794850446750	1.20186633442035	0
0.797550194186541	1.19196195515149	0
0.659180158020345	1.20413360279821	0
0.685922211049655	1.20773989931979	0
0.706300457776556	1.20425432783737	0
0.671424603845750	1.19721707321667	0
0.722576310921885	1.20043551297221	0
0.650636887462130	1.19222925535242	0
0.631734933150550	1.18403542247012	0
0.612360057702600	1.17185079247687	0
0.598763616866130	1.15513518556102	0
0.573512600397050	1.14309729809916	0
0.588164682312000	1.14214499528410	0
0.777286535841535	1.19034672403703	0
0.756390893394926	1.19103161511720	0
0.735199206863925	1.18901010119805	0
0.834148163408259	1.19848310486394	3
0.539819694342245	1.11836328456657	0
0.553669644254324	1.12550051178901	0
0.526389639399370	1.11070137881135	0
0.567859789004495	1.12902180149045	0
0.513568803992145	1.10731163821522	0
0.502216624393930	1.10807545579208	3
0.826381773218089	1.18585673211257	0
0.813117994968650	1.18543033279192	0
0.805090599953221	1.17405361661465	0
0.786715797417520	1.17783221925780	0
0.692939722193535	1.19339079612399	0
0.711025686025365	1.18461632240064	0
0.667004652728020	1.17997768812650	0
0.680140188115805	1.18675964808124	0
0.650137078932945	1.17441715312327	0
0.632241929709970	1.16576855829074	0
0.615740959003345	1.15367148426750	0
0.600585883818560	1.13622730283028	0
0.582203832776105	1.12801790359972	0
0.766629418350305	1.17705819794352	0
0.748639249090815	1.17474630274639	0
0.729067902249675	1.17408350172147	0
0.841697910487540	1.17988815051186	0
0.553002039835364	1.10865483546388	0
0.538403304082490	1.09906985772678	0
0.567933262066250	1.11547816621491	0
0.525033751631650	1.08885909716523	0
0.504836966592025	1.08713969048067	3
0.826134502749820	1.16858205289703	0
0.793214448190255	1.16291754039292	0
0.812314654809115	1.15846566981209	0
0.775707197171380	1.16591558598138	0
0.181906431822802	0.892134600653755	121183448
0.189753217454409	0.911884276980466	3
0.798572869757235	1.14859179301633	0
0.687541353298030	1.17582329039513	0
0.700460313145010	1.16909693574334	0
0.714239733429150	1.16386187615481	0
0.668748431329510	1.16388370211797	0
0.651404654617030	1.15686297138003	0
0.634174648937470	1.14784878845092	0
0.618435165706211	1.13787708494740	0
0.587968715444655	1.11541273346775	0
0.607826119565140	1.12271495887005	0
0.761203003310826	1.15800092572218	0
0.743576381379536	1.15820836367434	0
0.727891028971870	1.15738982423787	0
0.846274911046060	1.16025071676082	3
0.570645051506865	1.10288063744203	0
0.553647208859170	1.09329546129113	0
0.540767860256680	1.07942829050381	0
0.519196063368950	1.07606544180161	0
0.510871899559675	1.06503447617925	3
0.830928585891931	1.14922989786593	0
0.779297342753905	1.15215591404913	0
0.816037799050030	1.14120071203969	0
0.181707711507774	0.872892517686810	3
0.194873183358238	0.888000444501985	0
0.207304936690685	0.916451608931434	0
0.203193773202314	0.900809955612340	0
0.199705008405316	0.931194742643645	121088552
0.785885915519605	1.13936036571978	0
0.801718491305050	1.13273284905727	0
0.264167177276452	0.962230213320371	3
0.283287570400221	0.965985243716139	3
0.302910058114724	0.968478162274155	3
0.229961777311765	0.949247404253540	3
0.245401884225057	0.957784302098785	121086464
0.518700350338625	1.04377730577557	3
0.214526099093423	0.940172050351745	3
0.601209494821920	1.10498351779096	0
0.684999561333514	1.15792004448325	0
0.701360893011085	1.15148590870112	0
0.717511994950375	1.14302579722365	0
0.669422637390655	1.14501760985419	0
0.650462834366510	1.13881018394730	0
0.630900298730585	1.12777529094635	0
0.585585609148096	1.09613502775709	0
0.617241359827990	1.11279826183090	0
0.770540970528465	1.13699723094104	0
0.754130860027240	1.14050106268963	0
0.736496521064565	1.14271254650212	0
0.847815612263245	1.13947200362984	3
0.571401126093710	1.08703056697054	0
0.557455451249440	1.07875568533628	0
0.551921737593745	1.06218622696369	0
0.531010217874315	1.06299722558315	0
0.831916564633235	1.12839175249005	0
0.817248248711994	1.12404169700204	0
0.196076905693963	0.867561734529505	0
0.177135920945884	0.853991005682070	121207136
0.210430304538245	0.881615556725169	0
0.222053063041821	0.921165730620414	0
0.217455188296324	0.901505003929490	0
0.787109454227766	1.12563967775463	0
0.803159711350745	1.11705292025318	0
0.267855605402609	0.950415534026015	0
0.287740928331705	0.952472388289675	0
0.308248232462279	0.955797735747695	0
0.323104448644483	0.968350286931775	3
0.251484697615660	0.941717873681005	0
0.235670275141173	0.932300988450055	0
0.529516785860270	1.02266039335863	3
0.532828381080670	1.04221170119869	0
0.616527163335755	1.09422230800920	0
0.600019427822725	1.08935827766083	0
0.186310160232421	0.826889812786395	3
0.343708361545330	0.965135075088050	3
0.182087442518043	0.840652147337710	3
0.729585372818085	1.12912600135605	0
0.688490245751580	1.14021443566032	0
0.704327193349176	1.13210314983346	0
0.718714345444190	1.12018542056435	0
0.665481754274020	1.12597117970358	0
0.679182828748215	1.12810639139486	0
0.651317891649005	1.12239170475990	0
0.639949362493275	1.11623372121925	0
0.629449884842795	1.10779427053848	0
0.587206701966570	1.07704234419980	0
0.775502114837155	1.11769031674928	0
0.762679286581050	1.12091205985574	0
0.746777552997806	1.12547691366329	0
0.846658317823390	1.11815736796301	3
0.571004651338050	1.07011739651358	0
0.568050830818255	1.05586533083460	0
0.546401121362200	1.04334350720867	0
0.559980760762100	1.04138561428836	0
0.831043565518220	1.10969589497222	0
0.816480222968150	1.10631796554449	0
0.211683176101806	0.859931966755620	0
0.197300509179803	0.849204841556390	0
0.225662765920665	0.886244871341530	0
0.225327111435253	0.870497413680895	0
0.241881842606772	0.914775909793675	0
0.232505923752734	0.901697149529651	0
0.789877493848891	1.10991571269960	0
0.802701683039975	1.10018668256925	0
0.273856207329449	0.935495641724665	0
0.295366220578875	0.940478976620940	0
0.314800696305594	0.944315382663476	0
0.329974975831600	0.953756017103970	0
0.256542599290870	0.924892098867095	0
0.543956951955915	1.02413742067673	0
0.540694881422765	1.00330084626840	3
0.620083965157935	1.07511882769121	0
0.635538968382965	1.09585905138316	0
0.606372630406815	1.07684085825428	0
0.628767705718670	1.08595977812092	0
0.190917039875353	0.812203487662794	121200440
0.199067795046309	0.831680421667124	0
0.364606840468545	0.960437097703551	3
0.351648605844817	0.951943606011515	0
0.738101107228540	1.11253294676312	0
0.548728343830870	0.984702101541480	0
0.208029995270058	0.816287210630570	0
0.691872670637200	1.12109301538348	0
0.704520136140570	1.11250894574006	0
0.728744433764744	1.10370310855097	0
0.715677316331210	1.10055680322020	0
0.677031114405640	1.11155381090594	0
0.662386051890540	1.10772353438240	0
0.647941022055320	1.10307364522014	0
0.597126294705230	1.06403149819413	0
0.584539030893371	1.05595834355078	0
0.774036296494280	1.10270491080037	0
0.755605149433120	1.10664669446348	0
0.842679919678455	1.09685983511093	3
0.573713251386435	1.04062479833704	0
0.559433535555040	1.02089390602551	0
0.572073766433231	1.02405345212687	0
0.827437972360215	1.09123203836106	0
0.813475881364020	1.08795491531949	0
0.214339811973570	0.837751900383690	0
0.226022670132775	0.852606998269410	0
0.241429712587080	0.882592344355255	0
0.239288176656299	0.866188586672800	0
0.247579009766623	0.897394445728925	0
0.260893611261253	0.906876176840415	0
0.789437064058155	1.09365035379346	0
0.799929934504635	1.08320719713925	0
0.290714657855236	0.924955509739800	0
0.275341659626304	0.916523910350765	0
0.309168125029503	0.930152951756705	0
0.327675480615176	0.935920204483195	0
0.345395234427300	0.940338053861165	0
0.552825320414000	1.00463078635154	0
0.612484441655485	1.06027522529383	0
0.627566997622230	1.05938409592806	0
0.634467848532360	1.07354820410398	0
0.645188015138290	1.08362672724476	0
0.202645800002183	0.798401443029620	3
0.385500580730274	0.955727458940376	3
0.368746535018456	0.941231528852335	0
0.744622542394425	1.09314452376648	0
0.558181773140105	0.983575929888660	0
0.549898559056845	0.969152787889981	3
0.222176046014432	0.820856533970449	0
0.224509265117741	0.804158068942260	0
0.534985973581666	0.941553554509529	3
0.406947850985374	0.950323054844850	3
0.519274584998130	0.932689941759246	121037216
0.429296951071354	0.944151757362771	3
0.546609786707450	0.953969259682144	120959240
0.340027709374155	0.925604143369135	0
0.777377709605810	1.08630390728175	0
0.547722058619720	0.945906123422926	0
0.689541960200985	1.10375959343995	0
0.701467336962645	1.09517957932583	0
0.727450048453715	1.08665817190540	0
0.712436790159790	1.08413440177179	0
0.674286790643121	1.09371758981023	0
0.659630363535890	1.08905215702429	0
0.602177707751725	1.04700798728652	0
0.587566195022700	1.03974081511438	0
0.761831437002500	1.08966701629709	0
0.835574490250819	1.07596390284011	3
0.585608430869000	1.02391326843571	0
0.565358866929100	0.997805505478330	0
0.573802403667191	1.00492497782380	0
0.583767053547049	1.00931725372748	0
0.820570912277590	1.07242922467654	0
0.804096891202475	1.06879662397569	0
0.232452530682216	0.835936893513310	0
0.241883472891004	0.850856809283336	0
0.255089932690046	0.868811926333875	0
0.260571599800264	0.887977437723669	0
0.278293014329190	0.897309088795475	0
0.786706043867925	1.07516977457161	0
0.292580524376806	0.907598763462905	0
0.307018657386118	0.914816760118970	0
0.323212475833648	0.919810146365759	0
0.357607558787317	0.923817167322321	0
0.621144562719660	1.04330537418327	0
0.637967660650555	1.04722638356181	0
0.642560125708770	1.06400673709322	0
0.656073018170405	1.07152954874075	0
0.216198723832974	0.785626672270481	3
0.392568011022962	0.937687873978820	0
0.381127204230969	0.922542273826190	0
0.740602695402015	1.07988769453890	0
0.558869856811125	0.961663211239736	0
0.566414448945146	0.978274537426400	0
0.237949630495844	0.820923073028585	0
0.246406214895978	0.809451442570036	0
0.233643926217469	0.792469956996926	0
0.532355888693035	0.931001925708476	0
0.415551733720717	0.934269582792006	0
0.499006924242112	0.929830915377215	3
0.511060113785964	0.923732683917639	0
0.452537410764195	0.937191067892885	3
0.437881057526320	0.930260042951825	0
0.339511504193386	0.911824520546660	0
0.768230192240555	1.07563353890698	0
0.550730239316005	0.939876847856506	0
0.254484849426636	0.851487778884191	0
0.476561419381863	0.931052791531730	121119584
0.570171289010525	0.966298376272170	0
0.686275111433270	1.08690651647830	0
0.698071537307040	1.08020358783673	0
0.734648305753735	1.06796567836833	0
0.720570367664790	1.07078828366334	0
0.705635179604215	1.06948075276790	0
0.673461723334900	1.07304443082237	0
0.598784380494915	1.02686264291831	0
0.611971731420955	1.02972853098920	0
0.752199044180205	1.07004467990330	0
0.825961000887130	1.05545402365830	3
0.595606895642635	1.00510020658915	0
0.577178768211760	0.981970719129474	0
0.584745454394720	0.992290003117095	0
0.812407922076075	1.05351620528867	0
0.786213976968876	1.05997966256506	0
0.798120914464830	1.05023874042229	0
0.252965015291722	0.834179910690501	0
0.266897653728841	0.853327272063745	0
0.272147612189679	0.875613226700475	0
0.286798213417111	0.883748469369876	0
0.299042158860944	0.892088764865679	0
0.769718978433425	1.06232388375324	0
0.310629149182810	0.899789017107210	0
0.324035149355162	0.904242641329105	0
0.352018418729430	0.904511864192651	0
0.366471197732774	0.907391033159775	0
0.633932597160255	1.03316803328680	0
0.627798199455685	1.01846555480815	0
0.651995091900126	1.05303723109562	0
0.648787408526590	1.03607228762808	0
0.664995206506105	1.05915477567680	0
0.231377901628389	0.774321751557435	121193960
0.404908403844984	0.921449140860849	0
0.399629161313432	0.907487905014161	0
0.383413123332714	0.906238445797350	0
0.563819530438063	0.950008602414309	0
0.246841700680295	0.787795033440682	0
0.259867184952624	0.801364754491765	0
0.264321758821679	0.821212860474396	0
0.515838392320805	0.917536247243061	0
0.536157715232540	0.923981070258006	0
0.425630031913733	0.919293846769055	0
0.487323545034609	0.922175687590090	0
0.492888971900403	0.914639639144204	0
0.463533716355314	0.924409425012910	0
0.446359995978148	0.918688486120464	0
0.336871527504509	0.894378493507370	0
0.554120041869970	0.932699433004460	0
0.577152159691780	0.958867407119631	0
0.593529999768870	0.987756731714175	0
0.616710502957925	1.01482615202114	0
0.279327957564821	0.859580993693351	0
0.688552443232560	1.07011791303918	0
0.739229966376760	1.05153061539203	0
0.726767902227601	1.05456441498963	0
0.714277708008510	1.05499515224112	0
0.700113999730816	1.05705226025837	0
0.687231522302875	1.05546799654561	0
0.674879853197340	1.04932618175943	0
0.607701707635980	1.00551832292272	0
0.754339879662369	1.04959682708228	0
0.814557431816560	1.03483089289574	3
0.601748279092715	0.981358444935329	0
0.588545537798970	0.972571782549219	0
0.801549201634996	1.03326040775765	0
0.782795523866815	1.04395352920730	0
0.769439443999250	1.04650304140311	0
0.786883011059275	1.03023812024759	0
0.275228151706492	0.839338543814440	0
0.291287564623398	0.868935792006970	0
0.305108135706431	0.877551132260541	0
0.319864672121416	0.886093475459961	0
0.355189907263171	0.889058410464095	0
0.374837065506681	0.892468150418142	0
0.643456757255705	1.02044759594141	0
0.632492551487775	0.992571578968558	0
0.620690433086460	0.998470214786544	0
0.639310698128276	1.00483216581413	0
0.662536943112936	1.04119730077358	0
0.658015726548170	1.02404050071055	0
0.248538728825918	0.769130539067239	3
0.419782739735785	0.905384121807300	0
0.409062524762926	0.892981640396451	0
0.392011294040080	0.891531563191004	0
0.568107521026146	0.939524550041355	0
0.261427595950494	0.781681432206800	0
0.276929119814842	0.809251271360894	0
0.273379011060335	0.793244181550875	0
0.282072533968556	0.825011571067351	0
0.520446591163290	0.910674307909026	0
0.501401780221840	0.906452134005026	0
0.541107002347310	0.918195986954285	0
0.438213655718498	0.906250326220049	0
0.469446964690981	0.913649848495827	0
0.481576364547592	0.905566413436739	0
0.454526179027840	0.908006973514365	0
0.338580201746624	0.879179617175886	0
0.557897554914759	0.925315634511559	0
0.585381747403766	0.954787473424606	0
0.577815164123515	0.941485314701356	0
0.292499828759957	0.850091728572125	0
0.528140011641725	0.906416139339176	0
0.722201540689555	1.03788867794013	0
0.739581473180780	1.03513675099013	0
0.702664048793360	1.04231431910897	0
0.686210734000420	1.03775002470233	0
0.672358942572095	1.02769521154430	0
0.613304005669675	0.982388568709099	0
0.755393620510831	1.03242352954053	0
0.803192716872360	1.01404935383091	0
0.595073175986995	0.957349520126020	0
0.606634838554089	0.962544824541605	0
0.790804565393684	1.01382589620223	0
0.770639114773130	1.02963268397408	0
0.777497562106564	1.01190141109941	0
0.295564154740749	0.833573434091515	0
0.308815294508073	0.860466658789629	0
0.322347179712264	0.869665048447961	0
0.368905988071117	0.879584894771616	0
0.355120663931199	0.870097672801181	0
0.385800860068276	0.876267905809875	0
0.652279995798795	1.00514994738649	0
0.635908663838989	0.971693494897200	0
0.624651583207086	0.976931323284665	0
0.646459036847525	0.986322472452924	0
0.664061001455470	1.00964307319562	0
0.265859269428427	0.764213350620565	3
0.438759696743465	0.892979752582325	0
0.424709738254573	0.889888549477761	0
0.403015762728579	0.880135429310080	0
0.419102684221899	0.877064072359840	0
0.571337673671540	0.925429147859597	0
0.280227339320063	0.778478644539014	0
0.294623044675614	0.814403002752984	0
0.290093667623406	0.796594300620445	0
0.511758870667710	0.897821142897090	0
0.489275808599169	0.895826895852959	0
0.545164682221610	0.911133141627481	0
0.454772892476723	0.894797340628200	0
0.469126986277204	0.899136069813899	0
0.336650391679806	0.864278317164750	0
0.559396927969406	0.916933006390784	0
0.585088620768810	0.935693443196087	0
0.310842671199263	0.842763088240875	0
0.533282629442850	0.899786477965599	0
1.16671240028491	0.866822356015655	3
1.16390587922238	0.884319410193279	0
0.766220486117145	1.01398278607203	0
1.15307286495286	0.900855826899216	3
0.710081643411355	1.02818289859729	0
0.728710202208090	1.01886660568608	0
0.715211229781985	1.01480316524395	0
0.742550136996735	1.01768619754127	0
0.697434153561470	1.02738646923258	0
0.685894801107280	1.02080266654509	0
0.677254632013115	1.00899480425079	0
0.617832459792830	0.960908256029390	0
0.755444072065395	1.01586612059066	0
0.797569496429350	0.995792319017665	3
0.598770159661605	0.943010905394549	0
0.609879616024815	0.943919829480814	0
0.779752996923940	0.994282315812205	0
0.789063875279305	0.995018010090255	0
0.767494020932941	0.998274830212400	0
0.309857992970220	0.821618512217511	0
0.328579237877458	0.849750789693455	0
0.373612869283493	0.864065793853162	0
0.364511839305697	0.852750567779776	0
0.347789903469793	0.855552648703860	0
0.389440982344889	0.859728066397525	0
0.402059479224162	0.867009364370214	0
0.660146496926700	0.986769031971866	0
0.629078788454570	0.955944266130156	0
0.642324769328540	0.954189459583387	0
0.646413645309035	0.969773505783489	0
0.656158098195045	0.966161471504336	0
0.669783191519305	0.995913658191430	0
0.283281237633172	0.759773825644504	3
0.456749083824354	0.882688634837375	0
0.441708296144464	0.878258277551451	0
0.415885576180594	0.862053679979930	0
0.432308505604925	0.868586431965275	0
0.579294792092036	0.916935616905324	0
0.563976971499360	0.908271332694512	0
0.294006721306919	0.770886321172934	0
0.301857744137938	0.784058112201705	0
0.308060599814519	0.802961012425470	0
0.521553824295725	0.889314187563475	0
0.498688801694942	0.887142090464071	0
0.474819419987052	0.885404743982179	0
0.550227648079435	0.903053489924744	0
0.591076479525765	0.926878389619346	0
0.322856793282563	0.829147169257303	0
0.539509555312534	0.891749891258279	0
1.15658320581818	0.851218268857330	0
1.15101446777531	0.868444122149097	0
1.17153470113729	0.849401274468856	0
1.14939922062565	0.884222086071790	0
0.756737821260359	0.999194923271150	0
1.14430257158019	0.919013300789625	0
1.13853010013168	0.892150213997750	0
1.13679172131454	0.906939035194756	0
1.04567369362779	0.970008278112288	0
1.06713089917831	0.967601721783510	3
1.08811160863027	0.962400396020139	3
1.12127735948086	0.943718336187785	3
1.13321116425072	0.931181723072489	3
1.10778080762545	0.955309882989635	0
0.336067190709620	0.835331482230934	0
1.02575130837770	0.967399315800579	3
0.570142872236285	0.902094307854940	0
0.785218272240070	0.977354463734545	0
0.700153089041769	1.01288510864104	0
0.721278162986430	0.997330986153134	0
0.734309920013835	0.998724136442320	0
0.705271984591555	0.997303580988385	0
0.745512051417351	0.998870848079805	0
0.690696074083395	1.00270526441984	0
0.682150551218325	0.989611250928680	0
0.621056290994485	0.941146485064165	0
0.792941079939330	0.976557891921660	0
0.601070060617980	0.925479595074931	0
0.612846378066305	0.927329371544971	0
0.770804846793925	0.982304565250885	0
0.778581140869855	0.971303210998930	0
0.760321891174880	0.982260130980505	0
0.325227440162912	0.808279536704821	0
0.350594337308529	0.840787310492669	0
0.383995698499594	0.846907151453334	0
0.369347374900258	0.837957938811124	0
0.403052660136641	0.849739544104460	0
0.668374713234400	0.965110391737831	0
0.673467194871700	0.979651402737941	0
0.631799210950524	0.937541814798556	0
0.642222028771755	0.937501840840256	0
0.652529647387750	0.948525894172320	0
0.662732009446800	0.945870359788660	0
0.300903856476882	0.756097925290336	3
0.466560985830207	0.870418890216779	0
0.450021589383770	0.862573256618965	0
0.431634915622656	0.856154586521885	0
0.420257351549197	0.848790600015530	0
0.587746347210335	0.909187582221229	0
0.552822837582604	0.890869941313095	0
0.310139895923250	0.766991920282949	0
0.319261133603048	0.776748511133165	0
0.319358500488209	0.791368907719776	0
0.530266245217655	0.878377206118240	0
0.510835572305396	0.880017428335118	0
0.489004043577839	0.875238650508045	0
0.334177471674589	0.818435963155288	0
1.15015437205672	0.838941333970929	0
1.13886726909430	0.855609106449309	0
1.16603750362250	0.830952000823370	3
1.13476973594355	0.875621379015141	0
0.750174940431270	0.983230663044590	0
1.12299509020411	0.914715312273585	0
1.12540578530222	0.895586049429911	0
1.04926298078355	0.957197405559950	0
1.07058846182342	0.951938507911120	0
1.08918761978653	0.945580101331385	0
1.10311258569756	0.938394489921555	0
1.11248363954411	0.927276825500710	0
0.347380817521697	0.825132780096070	0
1.00524472755687	0.964482129742839	3
1.01787891892370	0.953633239504121	0
1.03408714836474	0.947881057117351	0
0.570999593130614	0.891538350908991	0
0.789903696459690	0.960484865209155	0
0.444202600401932	0.851039196984629	0
1.12015174483192	0.882388967052295	0
0.718121746260360	0.973164164393809	0
0.712485519055260	0.986545111350470	0
0.729209944705385	0.977888331167424	0
0.740811737304165	0.976865789618630	0
0.693719960722675	0.984202068963080	0
0.704805294078670	0.972832790550636	0
0.683254132246021	0.964090493756996	0
0.622102828980665	0.919787933476045	0
0.801328116231589	0.946468607077205	0
0.605035005895885	0.910771296694286	0
0.763434424241045	0.965265078348676	0
0.773256417876270	0.960516865745121	0
0.784662625153150	0.951551072027704	0
0.753284921441995	0.966632109960169	0
0.346839887721433	0.809924060134345	0
0.337195239851490	0.796035129780329	0
0.360359737318576	0.823814906871500	0
0.401266704807435	0.834354924929220	0
0.386797856388619	0.832129079257195	0
0.376246743772679	0.823041095008283	0
0.417695854151071	0.837046810735559	0
0.674336568223055	0.943767805224445	0
0.638014679761546	0.921078339017389	0
0.651870344641149	0.931318001327531	0
0.664376642320825	0.926541139942500	0
0.318863715419948	0.753187424452151	3
0.470877710021748	0.854660349865748	0
0.487559965482644	0.861744629210314	0
0.456723744634637	0.845884383465025	0
0.435517145981436	0.839793489339206	0
0.589460748496305	0.897313560656574	0
0.551858070327020	0.878947359514404	0
0.328740420819435	0.764437039027385	0
0.334262511651766	0.780218126414725	0
0.507019229429299	0.868664333331675	0
0.537220660900064	0.868996502626547	0
0.521650267984481	0.863044039913449	0
1.13472493615163	0.838159443281818	0
1.14684262531824	0.824166010409621	0
1.12020746090512	0.867007775417054	0
1.12443154001958	0.852002004026402	0
1.16008028341844	0.812595175743068	0
1.11085386284748	0.898752253261115	0
1.10231778932085	0.912055552970404	0
1.05441991639716	0.941718044079481	0
1.07400022691500	0.934962243434356	0
1.09026797869038	0.924888506446000	0
0.984553289597685	0.960730517182166	3
0.996373881240770	0.951259260870695	0
1.02068135699167	0.935598602350626	0
1.00818097984258	0.943288803800726	0
1.03889080846729	0.931687594916171	0
0.564770354777945	0.874589411016840	0
0.577927060395509	0.884820366817175	0
0.797384024468260	0.941890339014314	0
1.10630897357776	0.881870715046950	0
0.876443954214219	0.930795363746754	3
0.942692036985875	0.950401552086075	3
0.828172338279095	0.930603087216371	0
0.899106647858335	0.936779246530345	3
0.853229716112630	0.928289271683555	3
0.921370975556070	0.943323430298876	0
0.627446479045760	0.907553846779449	0
0.963977547241445	0.956217175102745	3
0.354532263081596	0.798430923022189	0
0.996124724550870	0.934759283480170	0
0.769218008100135	0.948448630645819	0
0.712609273208715	0.954429362058704	0
0.725750752393596	0.956673313708951	0
0.736916719490450	0.957341121287000	0
0.746861341297110	0.955651280239150	0
0.693865189584700	0.967558455381151	0
0.698554430816390	0.951187114314020	0
0.686351602039290	0.937963342428024	0
0.614909520863025	0.895873947933849	0
0.815002313015040	0.929719931422789	0
0.602845451471249	0.895635638300541	0
0.757514280369060	0.948296000384553	0
0.781783183497800	0.939860042524596	0
0.795948525493264	0.934483922432405	0
0.366401772677619	0.807855929035899	0
0.349696651150574	0.784133678109825	0
0.396763791061734	0.818589725321898	0
0.417219029290537	0.823899950096184	0
0.382473386152941	0.809435295236660	0
0.435382537368668	0.824908074413886	0
0.677211290787354	0.920031562001540	0
0.640135246822595	0.903064108933715	0
0.651772053481071	0.914409931173886	0
0.664162304119305	0.907651992810750	0
0.337442888657492	0.750857465218168	3
0.492101340964833	0.846996180844750	0
0.478645499161080	0.839136345779009	0
0.506144940229605	0.854671172174536	0
0.464505622081980	0.834967678952576	0
0.450433773481230	0.831023049040386	0
0.592269187709761	0.885649049285101	0
0.549759265722010	0.864251636912650	0
0.345397582453892	0.766558727629691	0
0.534952465452295	0.855293563782804	0
0.521663383521195	0.849230389870346	0
1.12817947210547	0.823008613473111	0
1.11831401202616	0.837441582578326	0
1.13924001224681	0.810376399014335	0
1.10195254184642	0.867260427334171	0
1.10976056320685	0.853945444185639	0
1.14846695111266	0.801864607916634	3
1.09341669277801	0.895346845454380	0
1.08243201365328	0.904855485955864	0
1.05687652413410	0.925447705749934	0
1.07109686923790	0.916358452453736	0
0.980027988523741	0.941645054592365	0
1.02467560859607	0.920210416290235	0
1.00716762978791	0.924706199721691	0
1.04079673973877	0.915601558475470	0
0.571854402650311	0.866428183645801	0
0.582749715167069	0.875655054050916	0
0.560131135481140	0.857706791055855	0
1.09143323575079	0.880490372223275	0
0.882731136371725	0.923388622171585	0
0.945541773401991	0.940560626255655	0
0.837537734036210	0.922755849971885	0
0.908857560867530	0.927946574306575	0
0.858268136612730	0.917555957013385	0
0.930183173898315	0.929978132798145	0
0.629480423260691	0.893828839943820	0
0.962989868997440	0.939276646616145	0
0.365940011018971	0.789723823108682	0
0.984464008490845	0.923039507643425	0
0.778308790819905	0.930189573777526	0
0.767331367038364	0.937190193737174	0
0.994780931121766	0.914395504740416	0
0.621886653757116	0.882947740145430	0
1.12368159520070	0.807378242015250	0
0.722317659310050	0.938994623526250	0
0.709672935407961	0.935016195208614	0
0.735154292361035	0.939543340115399	0
0.748503184773441	0.937160027078459	0
0.697198568199470	0.931721879157234	0
0.692609055320431	0.914429412696650	0
0.610371495481151	0.873515091870195	0
0.600337296497825	0.878356202277420	0
0.833714282910045	0.916175386225346	0
0.813667459203700	0.920667015801360	0
0.760704870826335	0.930419825998890	0
0.791278911790025	0.921322036246664	0
0.795419064110515	0.926708101431751	0
0.380839894617154	0.793783962056793	0
0.362208653826559	0.774247796764485	0
0.412105784118027	0.808764189665156	0
0.396432163452105	0.800854143393316	0
0.430929910344694	0.812166793764540	0
0.452176292506374	0.816474268102019	0
0.684319414984175	0.904495206237770	0
0.674780864160826	0.897787165818239	0
0.651165930179350	0.895720840295041	0
0.637172951391990	0.882572245847146	0
0.663684492958645	0.889356570248830	0
0.356331242411265	0.748857528995355	3
0.511792897399655	0.840200551485251	0
0.499968840697723	0.833005483184346	0
0.470817084407886	0.823629875013550	0
0.487254068736782	0.826920136542490	0
0.546021361552700	0.848431231506081	0
0.361512986768057	0.760056770584959	0
0.531425959284235	0.839494909392251	0
1.11112298295874	0.822157188165100	0
1.10280660361378	0.839663935861305	0
1.13627711142539	0.791120003735766	3
1.08548778526798	0.867218351659384	0
1.09346061785598	0.853803273721624	0
1.07653801517800	0.881917488712115	0
1.06544374861969	0.895683118034290	0
1.05412897848692	0.907183536725725	0
0.966123389208716	0.924163732588860	0
1.02433073200694	0.904070209304131	0
1.01016282602494	0.910168214391845	0
1.03714706600779	0.899779023874782	0
0.588338263979830	0.866972947216194	0
0.578306692835590	0.857500307515680	0
0.567947903349110	0.848399968616485	0
0.556700489132851	0.842306341542946	0
0.876966621851330	0.912594787833701	0
0.898812050492899	0.915385398231655	0
0.949067288372280	0.925487795536586	0
0.919493335640500	0.916946284152371	0
0.852783555650915	0.907857190166476	0
0.936769117835691	0.915407781856508	0
0.379212416488768	0.778569641532375	0
0.982722619271456	0.903097414321136	0
0.968391299420971	0.911211783296034	0
0.772699820270644	0.921520556210319	0
0.786632996524586	0.914696669344006	0
0.997456406688715	0.900347454782031	0
0.623761983951910	0.868412800608681	0
1.10801637883069	0.805596852369981	0
1.11919475981861	0.793868112084984	0
1.09655558000541	0.826884515570685	0
0.869289274416000	0.903475175549965	0
0.732777332665520	0.923722775597106	0
0.719803554700481	0.922566968095359	0
0.705375704060460	0.918678663288349	0
0.746589931833000	0.922422500385626	0
0.762315401081291	0.916538459215555	0
0.693856978534870	0.893238546449226	0
0.704738440872925	0.900711590983430	0
0.595819330988996	0.858995600459035	0
0.609808240860560	0.857365744263940	0
0.829042461232515	0.907438372318931	0
0.810058746464824	0.912863580103515	0
0.802743916869430	0.908385218183410	0
0.396933168053585	0.784657932642444	0
0.377653391623861	0.763381020397615	0
0.426747799945542	0.798541405189209	0
0.411261639083080	0.792429019519591	0
0.446039996092994	0.801017312524064	0
0.458864893907634	0.806051067533366	0
0.474370581692827	0.810584406537446	0
0.683558838368755	0.886452499884030	0
0.674671096786785	0.876418521862670	0
0.650194062651261	0.878044376423835	0
0.638488125843850	0.864985974647650	0
0.661379223345260	0.873811264534640	0
0.375700262255489	0.746593965988074	3
0.519290299348325	0.825596289909395	0
0.505481166965548	0.820214998163557	0
0.491884989939703	0.815330711941897	0
0.547910938388135	0.833677630700086	0
0.535541719609670	0.826853214595875	0
1.09453289182105	0.811448619145160	0
1.08538256602907	0.841447275471240	0
1.12361756564785	0.780736782653065	0
1.07562798135812	0.857396190128530	0
1.05995085654120	0.873716102273155	0
1.04750450443059	0.888255427659139	0
0.949246065505276	0.906073205573741	0
1.01146278580763	0.893632733285041	0
1.02712622963481	0.884609888082639	0
0.582275429745294	0.845832544470200	0
0.566942508287485	0.833933698196440	0
0.888447125599070	0.903516519189531	0
0.907303743003355	0.904198609354723	0
0.926394434396899	0.903901345972254	0
0.859621447622711	0.894857538530979	0
0.844408855432014	0.899864725065501	0
0.395234367480060	0.770794091183277	0
0.993983176408105	0.887298450758951	0
0.976094394607790	0.885484225693350	0
0.966086521495450	0.897198915480701	0
0.779902974614315	0.908022119883896	0
0.797961534178640	0.901522921482435	0
0.625188283848595	0.853905963679800	0
1.10230590483104	0.790946879151154	0
1.08252931394414	0.826576255085315	0
0.876965387219710	0.893058950778195	0
0.612806428909170	0.845187337307094	0
1.06325810734206	0.853136982072506	0
0.743709322386534	0.909208533041334	0
0.729306423394495	0.909567153008266	0
0.715414669588830	0.908883235087339	0
0.758974343476240	0.905695264006975	0
0.776027015969095	0.898963675258776	0
0.703772329985805	0.882005380254370	0
0.691130621550795	0.873353692955173	0
0.715393683089775	0.890209651121025	0
0.597369009346314	0.842921969481649	0
0.833390437900205	0.894120741971874	0
0.818165697987265	0.899025006498381	0
0.413539643561855	0.776607192087421	0
0.394843956033496	0.755693230107085	0
0.427508881507118	0.783310751429391	0
0.441029642799005	0.789245495327580	0
0.458353459600308	0.786690966739245	0
0.468444256962057	0.795862198469836	0
0.496007347158251	0.804069785258885	0
0.481964642872991	0.800285880279060	0
0.679737555774834	0.858629101720114	0
0.665977792509904	0.860777497956526	0
0.651771389344295	0.857475568251005	0
0.637170629591434	0.846942102587012	0
0.395317109319630	0.744507718278644	3
0.514529268369399	0.808125830320309	0
0.533781420660074	0.814079409706375	0
0.552667754524944	0.820956160610835	0
1.08349294558795	0.800264381972051	0
1.07438287746259	0.815337024724438	0
1.06885096923531	0.835390443517930	0
1.10672227425736	0.773394762739374	3
1.04942107188729	0.859038114905260	0
1.03878430570749	0.870349599094615	0
0.930970234804021	0.891578320538510	0
0.953809630141095	0.887801048105969	0
1.00838976034057	0.876703270250835	0
1.02069107913013	0.865052500438606	0
0.583666833710655	0.833844570766350	0
0.572236558944126	0.822063578268794	0
0.893808489933635	0.891713629650125	0
0.912426289550440	0.891324217817296	0
0.870508021388969	0.882684637047336	0
0.849669993741199	0.886662759480955	0
0.411312296246853	0.760904173394290	0
0.988922726211705	0.872758381290309	0
0.967153221575749	0.873409921799206	0
0.791542603651740	0.893546063168380	0
0.810867036352420	0.889623350427915	0
0.622338346740581	0.836886028074951	0
1.08785741847177	0.783074647967190	0
0.887461657385770	0.880818652245694	0
0.606932578541955	0.832001377000275	0
1.05214669733147	0.841213332528356	0
0.940100426266645	0.881959572474679	0
0.693348121497670	0.858110986587136	0
1.07132324597430	0.792321103818890	0
0.754984804427961	0.895381085009519	0
0.739576469989469	0.897677090227106	0
0.726175488286066	0.895972058251645	0
0.771351072638995	0.891417480428721	0
0.787958419674969	0.880279655838256	0
0.715682456986689	0.873109354400201	0
0.706861655367048	0.864073803850585	0
0.725323911133936	0.879675716745660	0
0.590437318322111	0.824270469490470	0
0.832217498723335	0.882761739556704	0
0.428026423943118	0.768025516046165	0
0.414151611890250	0.741883509617920	3
0.444841507815280	0.775031047201053	0
0.465018345741211	0.774122961835984	0
0.479342275533733	0.782152749337611	0
0.489954097787219	0.789930266032371	0
0.504566321317880	0.792582212982701	0
0.678332596226700	0.843587848697095	0
0.690789311549045	0.842757515123615	0
0.664695150998174	0.845290958008135	0
0.647662368759006	0.837347044172206	0
0.631684488906750	0.829276982028930	0
0.533055881714287	0.797995148302734	0
0.520001483603138	0.794051192995075	0
0.546997685855334	0.804458267411146	0
0.562024839074456	0.809509883552319	0
1.06148804284649	0.804600610586490	0
1.05730867839494	0.822272293174050	0
1.08911764799195	0.767017299063389	3
1.03421763055519	0.849080124934869	0
0.925687826984950	0.876871608811006	0
0.946751688765711	0.870735165778235	0
0.999194837372709	0.859180342688285	0
1.01565123487134	0.849597579015485	0
0.577804110287440	0.810176910262429	0
0.903673506479103	0.878227505747285	0
0.856047223631826	0.874487799506639	0
0.879793161723040	0.869281784994995	0
0.426374632566134	0.752575798596931	0
0.978345589893435	0.860105384802256	0
0.959165682616002	0.860787979009877	0
0.802263838286445	0.882030592660755	0
0.820733631981226	0.875472449750549	0
0.616332282680820	0.820255085170070	0
1.07209013977945	0.776717713476274	0
0.602568948659580	0.819464482376040	0
1.04152204159754	0.830838266198809	0
0.703374347461896	0.849844760902007	0
1.05670410483859	0.787803666056705	0
0.627352182981361	0.813752279815172	0
0.913144752411079	0.868768156441010	0
0.768575597725540	0.882381550857740	0
0.751129970431264	0.885403240177902	0
0.736667212630080	0.884857977153094	0
0.781299684585789	0.870238556071914	0
0.797273137519860	0.863222230427745	0
0.807898270935765	0.869272094290880	0
0.723801638542100	0.861853528662450	0
0.715569089171599	0.846232909779919	0
0.734877478637935	0.870198930047530	0
0.591341798522005	0.808811277132519	0
0.840168849516505	0.868238472077316	0
0.441262937667091	0.758854539830373	0
0.432360140879020	0.737751786498694	3
0.455913154469858	0.761973854592849	0
0.485356205502234	0.769742195368571	0
0.472223816570230	0.761606331125235	0
0.501676159275365	0.775179519851841	0
0.516471354240631	0.782119985767261	0
0.672093593608289	0.829848887179336	0
0.684048751286866	0.828820567255209	0
0.704289674883850	0.836250119044549	0
0.694998270211185	0.826209222566675	0
0.660739660217866	0.830341495873364	0
0.650883462082761	0.823479469675924	0
0.639955308774479	0.817565165172396	0
0.533657145551249	0.780331059998984	0
0.547698816567515	0.786167849008336	0
0.558013170607160	0.794236412817050	0
0.570916024431605	0.794969040995640	0
1.04449591055956	0.811230882296398	0
1.04182688474098	0.796922955491646	0
1.07115257753718	0.761265850909846	3
1.02281848627152	0.829768135808017	0
0.930601825933910	0.862545788504299	0
0.943959830770685	0.854315536176945	0
0.980907263393605	0.844300977024046	0
0.997343137915064	0.842991263651350	0
1.01133821096797	0.837161945095815	0
0.583155311331079	0.796845426608570	0
0.897121106869451	0.861362482406634	0
0.859449608654334	0.861010237632309	0
0.875702047098249	0.853982988867250	0
0.442054801604527	0.744582368444895	0
0.963047766751980	0.849303867278175	0
0.825253603667700	0.861720097248995	0
0.604356766198551	0.806908434441500	0
0.617161668594639	0.805162634915919	0
1.05593140881595	0.771448335263754	0
1.03292784946292	0.819700409424149	0
1.04196660316727	0.781529268771120	0
0.631511376457086	0.802299001421270	0
0.915350979073290	0.857076696919854	0
0.651324822954540	0.810386242240295	0
0.488205321040604	0.758348813016805	0
0.763241857306435	0.873850186152156	0
0.747090717640370	0.874580265341350	0
0.788823529504635	0.855179972932781	0
0.773431936873949	0.861489180326180	0
0.801787192089645	0.846644565830025	0
0.811775269287370	0.854533545512919	0
0.726847142741045	0.847682170926556	0
0.736738896221575	0.854518157628581	0
0.727808031494290	0.833358115740361	0
0.716534536190024	0.829434448534310	0
0.746591008764721	0.860893334624880	0
0.595698687476760	0.793699151176165	0
0.841367105220184	0.854020267713185	0
0.454709171919385	0.746163689466386	0
0.449345204440673	0.731406146295160	3
0.467751934808505	0.748735472581655	0
0.503039721880770	0.757061588206380	0
0.481996749442715	0.748385804420371	0
0.521993630431484	0.770087248926815	0
0.514273699018915	0.761141771024021	0
0.677315236301491	0.815929207287190	0
0.664862008224366	0.815266012446230	0
0.689399575240039	0.813611924891485	0
0.706058264416520	0.821829105182920	0
0.701713114747125	0.810331086704081	0
0.645161032776270	0.799397137011669	0
0.538115067399511	0.763358994124719	0
0.550592924836601	0.770070084248295	0
0.565932294074000	0.778624972522452	0
0.584731294419431	0.782659930826399	0
1.02514988209051	0.806967181077009	0
1.02640747469988	0.785191555510931	0
1.05251338623421	0.756869056483874	3
1.00262044264412	0.826411788325239	0
1.00793516183128	0.812319789140615	0
0.927408637114386	0.845635440458200	0
0.946023975840520	0.839924986080130	0
0.962485309812330	0.836759265231710	0
0.970953304738185	0.827641398004040	0
0.986436451176011	0.827824361353340	0
0.889672717964209	0.846564903159644	0
0.907540067771914	0.846045137842435	0
0.855256698073724	0.846366566190744	0
0.868996945486045	0.839020297719012	0
0.824835337752570	0.848449220254311	0
0.607625457202060	0.793571967530649	0
0.619474148344839	0.792116448572570	0
1.03803116596509	0.768599257912140	0
0.633526899308926	0.789327067931230	0
0.662215472923299	0.801922143993455	0
0.496863292280251	0.746702475079569	0
0.883427952510161	0.835282772258095	0
0.620419267179130	0.780686526649560	0
0.758069695757615	0.864534934582466	0
0.777492826289645	0.848079123870564	0
0.789072378753850	0.840949636985559	0
0.761485140182730	0.852432715256930	0
0.798999406926310	0.831838837622718	0
0.815474535369595	0.837235415940739	0
0.737993921092044	0.838987728847221	0
0.747870374150514	0.846917795926230	0
0.727927697763350	0.819616711731085	0
0.740744772151805	0.822859754643890	0
0.716233955427961	0.814683302057579	0
0.605206244813819	0.779561216714145	0
0.835068649785965	0.839769168603815	0
0.467726441576075	0.733314923007090	0
0.464719601653313	0.722898200722981	121189496
0.480418367515173	0.734957870860114	0
0.508645943796814	0.738510850023980	0
0.518546379051124	0.745885018707971	0
0.494492757665618	0.735356262548350	0
0.528263843046921	0.754566587789837	0
0.677416244486215	0.802395467999064	0
0.689950519986349	0.799631957565086	0
0.713844550963740	0.802786823343496	0
0.701492330978084	0.797084759959621	0
0.657897093288251	0.789138868087961	0
0.645880018222926	0.782621968838360	0
0.551206095908429	0.752540196710655	0
0.540179057773990	0.747227545955615	0
0.563625433887495	0.760900677970855	0
0.578891900340426	0.767644667184350	0
0.593239991427664	0.771488732635254	0
1.01124820258679	0.793050818638410	0
1.02242487622861	0.765875116661720	0
1.01062063855075	0.773814156984670	0
1.03328760034569	0.753668621696805	3
0.989407464842026	0.812236508051559	0
0.996293199283383	0.798321739148574	0
0.934541395935620	0.828182847051366	0
0.915980607540751	0.831433283419431	0
0.953304938207740	0.822575069941159	0
0.972360412390129	0.813876317726651	0
0.898176260247749	0.832864422542750	0
0.847665719567961	0.832588118964751	0
0.862280393715100	0.828181076250484	0
0.633652246181835	0.775810072013615	0
0.671129558711895	0.791037917685376	0
0.877512550295891	0.824578270694698	0
0.618401778439086	0.767372341049386	0
0.632520113589709	0.765197005929535	0
0.769279673690974	0.840471836954780	0
0.780922877418079	0.831107399262265	0
0.756687681579600	0.838848230876925	0
0.810340793559839	0.821916008631446	0
0.791785261958431	0.819253298893898	0
0.829294631204496	0.824648499454636	0
0.748526738927449	0.830702155601770	0
0.728094055378705	0.805581845302769	0
0.738512126695361	0.809527334962585	0
0.750410296209705	0.810758783195600	0
0.758061421861246	0.820030957334320	0
0.603445953169961	0.762541096132738	0
0.482878712449807	0.718187018018510	0
0.476539386107599	0.710434288164502	3
0.495169911653296	0.721907831289305	0
0.523121682693571	0.729444815466280	0
0.510490173129248	0.723889961377523	0
0.532763243420851	0.737012256294388	0
0.684109096540205	0.785527286199556	0
0.696387906564255	0.784704682185886	0
0.711429013409963	0.789074710236085	0
0.724985449974040	0.794124749823535	0
0.658258594167481	0.775646845345254	0
0.673153972673110	0.778265459108271	0
0.647541036300155	0.765679323694769	0
0.562228274079760	0.743137693534710	0
0.547401041639294	0.733827590404885	0
0.575286527569968	0.753569614359025	0
0.589643513483374	0.756651136487585	0
0.993586914931850	0.783018686739221	0
1.01367274830248	0.750980087609354	3
0.995287469900195	0.765673563697005	0
0.978771894564165	0.796869650983521	0
0.921508378559111	0.816123221688666	0
0.939929290454574	0.809782324164170	0
0.899290014920134	0.819355216653189	0
0.960242305654764	0.805609473461076	0
0.853022440923171	0.819044469419479	0
0.875282870627965	0.812834094479465	0
0.630625249739885	0.754839621943301	0
0.613611140649094	0.753759625166399	0
0.526831910833445	0.717556944586426	0
0.835677804389789	0.813179808904775	0
0.765906688682319	0.828290908079000	0
0.776926189203629	0.815781857766959	0
0.801374007429339	0.809530847349990	0
0.818027392109096	0.808342044055946	0
0.788306638452355	0.802978511724865	0
0.743313350308316	0.796328605264385	0
0.758617742765525	0.800687851740370	0
0.766685795200041	0.809743959428461	0
0.599017024697780	0.746250166253426	0
0.496804303647710	0.705354347134356	0
0.486369862840747	0.696802243372860	120902216
0.507663315620170	0.710979493938962	0
0.540360245308101	0.719384428743724	0
0.520241206788489	0.707694862378850	0
0.689274990472356	0.769213022101546	0
0.706728812275921	0.774853375122745	0
0.722695060373405	0.779005924425375	0
0.733689469969780	0.787455726905235	0
0.668781969599391	0.766504085749464	0
0.660223928206706	0.754382378012071	0
0.645332169871695	0.751497881839701	0
0.557428866306470	0.729278389943429	0
0.568541458432150	0.727740607897673	0
0.575341226357845	0.740151898631905	0
0.587332663741280	0.741311624062148	0
0.977035138170284	0.778161804688896	0
0.993959396470584	0.748545917261080	3
0.977082546113865	0.761538562773319	0
0.963327773892696	0.788596247149869	0
0.908273702418405	0.804567004392275	0
0.924266298354751	0.799618628084975	0
0.935666776809026	0.791457109192714	0
0.948876831119400	0.796808169259172	0
0.892853270404481	0.807455124004399	0
0.853087000608225	0.807832775909186	0
0.866841729116600	0.802268507337306	0
0.881278399829020	0.798700643275385	0
0.635093100729606	0.741001833535126	0
0.622482884727486	0.744217141566525	0
0.609040951518575	0.739891824674570	0
0.534270514709254	0.704231143597586	0
0.833662560878810	0.801399500181325	0
0.774606773796419	0.797301915117504	0
0.803957244745290	0.796826952089311	0
0.818048436903365	0.790681403606399	0
0.789419510247244	0.786345146828613	0
0.742024037809895	0.779320320429409	0
0.757788648370201	0.788308280059131	0
0.599022187352787	0.728554080583876	0
0.501248618712104	0.689372956455396	0
0.511918061913106	0.695709079519619	0
0.491509870850163	0.681160246358937	3
0.547590982040165	0.700544900462256	0
0.556818078931090	0.713851856854145	0
0.525321113165250	0.691691577902093	0
0.696088746785645	0.752704136575430	0
0.678843242602930	0.755655657431922	0
0.705674282383706	0.761475680088527	0
0.719647708916925	0.763422976883596	0
0.732169912443645	0.768369264570496	0
0.667141261696776	0.742040956020346	1
0.650715842843021	0.737980386614786	1
0.583507224552369	0.726659844726158	0
0.572919226242560	0.715412714794718	0
0.960395576258527	0.771667257408810	0
0.974127968698835	0.746331897123419	3
0.958451324226936	0.756997257843406	0
0.948037704963614	0.781393297487725	0
0.892430455670360	0.792046731375735	0
0.909573256304311	0.789871538464429	0
0.922185581080244	0.782889418316334	0
0.934544667114295	0.776120310371399	0
0.848408553910671	0.795877927909015	0
0.861785799466525	0.791450460353754	0
0.872646081678419	0.785395912941315	0
0.617816908751991	0.730111218118040	0
0.635816386341994	0.729962646961199	1
0.538990235952149	0.689472200247225	0
0.832221530146655	0.789352212887810	0
0.605834770014800	0.715057075219596	0
0.772194993475686	0.782670460970325	0
0.803171389325740	0.782925472856469	0
0.825722125291865	0.775202691422084	0
0.810230546261126	0.774136243620911	0
0.794609617520642	0.767607379625540	0
0.782967018625081	0.773081046486319	0
0.755671103780550	0.775042497367864	0
0.744187475916725	0.763494831535655	0
0.588493151817166	0.710859485186582	0
0.516499480162915	0.678235421627781	0
0.504081897950066	0.674045181392630	0
0.494491023255998	0.664894596424735	3
0.548855603260891	0.680041337717543	0
0.559620495453594	0.692741385369467	0
0.572407521487996	0.701841766930478	0
0.532706113741980	0.676883778516649	0
0.700410926341996	0.737534281611436	1
0.713310636455574	0.747679704045260	0
0.684060743451120	0.741889116168010	1
0.730771836538035	0.752818536792174	0
0.664686436951166	0.724648493528352	0
0.677341407537461	0.730892756581296	0
0.651866430044199	0.723424440622320	0
0.942265566244259	0.765365955107945	0
0.954482953860235	0.744015925317574	3
0.941346758356894	0.752788668228409	0
0.894502732339554	0.780417579057479	0
0.878617947660029	0.776328726022261	0
0.908166172716830	0.774705566127709	0
0.922769599792849	0.768052405935109	0
0.842669207213566	0.782050955596686	0
0.854072613376316	0.779142768508734	0
0.859526093898860	0.770794855548016	0
0.623378795385340	0.718491375446300	1
0.642673721909514	0.712848919630035	0
0.598278361719723	0.699035412175565	0
0.614184598624693	0.704287147521967	1
0.724416169953745	0.739583960173086	0
0.769457723056851	0.769260697685644	0
0.840376073688706	0.764474957308596	0
0.825610588515300	0.761774448483285	0
0.810531868080701	0.760196772826086	0
0.793138433866945	0.751931161166950	0
0.777043084007915	0.758029415229809	0
0.758779221119332	0.761153129383866	0
0.746694993142212	0.750062716413375	0
0.584723342991974	0.688879025699595	0
0.511009098213150	0.659394566730326	0
0.527656161886175	0.663204096996550	0
0.496199363857557	0.647805573427151	3
0.544471513950010	0.664425885394168	0
0.560535323152096	0.672767542688949	0
0.572062215409719	0.684495844013725	0
0.703600770235060	0.718076571822149	0
0.690657609701145	0.724470341205584	0
0.715164175629630	0.729250198602665	1
0.738879421101766	0.738825031013855	0
0.677881014347055	0.716668975353231	0
0.662080456316436	0.707521167397480	0
0.925124099442550	0.754125467475669	0
0.935103810576027	0.741504853430732	3
0.892100401803669	0.766981035391299	0
0.873408747858601	0.763955752018313	0
0.908525057076590	0.760854284772385	0
0.855437061618986	0.758409355974995	0
0.632653498649575	0.701535683870306	0
0.648623518645761	0.697229290008531	0
0.608811785280695	0.688242736458770	1
0.597415519426689	0.682761555176411	0
0.624666135013078	0.690151798725110	0
0.732486244120706	0.727911798337499	0
0.677032658457760	0.705185392498962	0
0.523485313418324	0.648503493631895	0
0.590216283032381	0.670960566715280	0
0.824190588479624	0.748841865523966	0
0.841035702561651	0.747324324756314	0
0.807518570729031	0.744234836130496	0
0.777734820035173	0.744494889313665	0
0.793185841274280	0.737617958504765	0
0.762267213314756	0.748032142297092	0
0.753373648498315	0.735894933362674	0
0.574531664716039	0.667962693439145	0
0.510859200191075	0.640588987796463	0
0.538988788448491	0.648899594588823	0
0.497329000118524	0.630101032681020	3
0.557677584449990	0.655251294468046	0
0.707000550627689	0.699937704205510	0
0.717838713526695	0.710402986407264	0
0.691861546039537	0.705791947245579	0
0.727393680810975	0.717557564377775	1
0.747608341175539	0.724559520875396	0
0.660147736966590	0.690053227543814	0
0.677497592568387	0.693143936991681	0
0.907638309624276	0.747019259068066	0
0.916065973876910	0.738581382023209	0
0.882830291405419	0.754724660687831	0
0.894426819632951	0.752103672944564	0
0.867937724526885	0.750358498662244	0
0.853876688856438	0.745702477323071	0
0.640866811573470	0.682486340403540	0
0.607597871124751	0.671366424858560	1
0.621721713244910	0.674802052974677	0
0.740961750194369	0.714707456619638	0
0.529338276703941	0.633052727301755	0
0.585408297889986	0.657189012697266	0
0.598302433161938	0.656913613224163	0
0.829674421506893	0.735968627762788	0
0.817354770035184	0.730997764262474	0
0.841129145265651	0.731888792933775	0
0.803628502211907	0.726915490980929	0
0.778879352428195	0.732839221503461	0
0.765575217718475	0.732306381862229	0
0.788641547360044	0.723885186083387	0
0.760927537075661	0.718635178831899	0
0.574168820469995	0.650520622995187	0
0.511384811187929	0.623556371183247	0
0.549580202287816	0.638113449988776	0
0.498747381130178	0.612156531302858	3
0.564402224499101	0.641752507142331	0
0.709317415952700	0.683917835354795	0
0.723922204971325	0.694521760940535	0
0.693452847003904	0.688297694921475	0
0.736331230401989	0.703190875053391	1
0.753644695144054	0.708014517031026	0
0.672189031541357	0.679918178915972	0
0.658565448224541	0.675499293208104	0
0.684288302063911	0.673962548375110	0
0.899515601969289	0.732626330167900	3
0.889210165322964	0.738254166699024	0
0.875714910702191	0.740461558557594	0
0.857619353990650	0.735718242382405	0
0.631272174417971	0.663970246911045	0
0.650023028254494	0.665707030892365	0
0.610619057714940	0.654718557000140	1
0.546911565052870	0.623467696208785	0
0.535630911639666	0.620204681691284	0
0.522596834881724	0.616314747189207	0
0.587751307440526	0.642597634340324	0
0.601774531562056	0.641040996646713	0
0.726431787013989	0.679852196574200	0
0.643555632233624	0.653410939872249	0
0.829394468441485	0.717597407639916	0
0.812228844355815	0.714579369504477	0
0.846491104985901	0.720477184070680	0
0.797241243001197	0.713009473030565	0
0.774480233018709	0.719622375885853	0
0.783445006910486	0.709046394695574	0
0.771079695944567	0.704090829800451	0
0.576762877426345	0.632981233597941	0
0.514316853895126	0.604333446804261	0
0.564098800096221	0.626598909680489	0
0.500327003286105	0.594170851963721	3
0.699128615856135	0.669828191399560	0
0.718528550863275	0.668497802317140	0
0.741415250301346	0.687052559852590	0
0.749284638450824	0.696277134432500	0
0.762448659052499	0.695235680001224	0
0.670405295491186	0.662471160292609	0
0.688674035668338	0.655300851166239	0
0.886284079942610	0.723681316671917	3
0.873716950447010	0.725405904273325	0
0.861682674796419	0.725973024293965	0
0.630237780511371	0.646039102971540	0
0.660063126683226	0.649607741832726	0
0.617685404419864	0.639344912767401	1
0.557797773605326	0.613091322929658	0
0.535482751741246	0.605916504765613	0
0.591410195640035	0.627318810665965	0
0.608021031722455	0.627945947408556	0
0.742326048016552	0.670156896114339	1
0.648804809153067	0.640901452302915	0
0.367083216569268	0.0904432700279416	3
0.502233625106365	0.576510047268204	3
0.504793263738746	0.559059881656318	3
0.383602922053950	0.0652717056142118	0
0.375336363997124	0.0777829498703671	3
0.358566425169699	0.103400258181507	0
0.819725886319938	0.704673340402460	0
0.641321325302104	0.631411461532110	0
0.842667297980836	0.704552387990160	0
0.830159051831786	0.698300634627989	0
0.804589518759636	0.700163705976575	0
0.859334130214434	0.710682810340069	0
0.792550447840991	0.698340286635614	0
0.783020296816880	0.691689566645645	0
0.771805355465190	0.685587845433034	0
0.578528198512094	0.615608522093607	0
0.520175938300095	0.588066213766345	0
0.708221465349165	0.654895703494530	0
0.725207895040516	0.653955414891230	0
0.755775911185211	0.681774165232474	0
0.674533697962741	0.643453560769534	0
0.688276210427294	0.637579563260064	0
0.700686603784549	0.642530532181241	0
0.876554859968205	0.711579740340370	3
0.628353220224386	0.626211328804481	1
0.659380410611630	0.629553495347495	0
0.551289909740253	0.601242523993623	0
0.568626373915594	0.602119841878831	0
0.538623369694887	0.591567825349491	0
0.596962506167937	0.613194061059967	0
0.614960750003461	0.618664902645282	0
0.739006492495556	0.653565877676000	1
0.753919885915024	0.664735379870492	0
0.380340558823069	0.0991280890878299	0
0.520492304791088	0.568785194626831	0
0.507279124181939	0.541994253463528	3
0.518279993739161	0.550123045099176	0
0.400832979279982	0.0553585243285548	3
0.390076039748315	0.0812826855862805	0
0.404764285644980	0.0726286853220755	0
0.357982798690623	0.122590927919828	3
0.371094739159536	0.119845927437114	0
0.814219192140700	0.690872601669502	0
0.641952180862390	0.616143469512461	1
0.508899592172054	0.525329904016121	3
0.358177818108138	0.141853682513625	3
0.841495088686445	0.686992447484492	0
0.854600348711340	0.693885673303779	0
0.827041272835160	0.683032648329234	0
0.797336277661265	0.682143899891048	0
0.868553269380211	0.697341177158577	0
0.783205851120905	0.674763791117760	0
0.768060380012141	0.671581738086329	0
0.584449040022332	0.599694431774440	0
0.535374002137354	0.576280446217073	0
0.713564908504456	0.636703003942960	0
0.731665232777591	0.638321663439255	1
0.679041337966885	0.625258406996716	0
0.697071576118464	0.625690712034683	0
0.627070504292099	0.610550951585851	0
0.667368297278850	0.618969967961289	0
0.657627332210502	0.609773960709560	1
0.558742943790170	0.589732217695679	0
0.574979824388256	0.586435245762287	0
0.548940559779975	0.581073249230636	0
0.611279192033559	0.607250433730417	0
0.601336914164669	0.598076689315349	0
0.751056348024028	0.648464237153820	0
0.765579149293371	0.656882208358789	0
0.401045469899590	0.0912511139406520	0
0.388259362848595	0.117566359122495	0
0.395972735074113	0.104556306113171	0
0.529396112728279	0.554874757572834	0
0.539693356907525	0.562409890102730	0
0.520014905190656	0.532940561867416	0
0.531165391097838	0.539258455075223	0
0.419141413113120	0.0602030760922987	0
0.417294602502518	0.0445054956403272	0
0.416424655087329	0.0878035728906099	0
0.421815716780586	0.0756497808808370	0
0.380760781646510	0.133148868229384	0
0.811759537438564	0.678269883199669	0
0.638944342408546	0.602890725999880	0
0.509037604850569	0.508743092918633	3
0.520759777778859	0.516796402477740	0
0.374790052005335	0.148396736417648	0
0.358494359275194	0.161287107996612	0
0.361602722601634	0.178187828940950	3
0.806427968153939	0.666265287558205	0
0.851370831688010	0.675225547261440	0
0.838431986538490	0.670424591939881	0
0.863549642125306	0.679824096811474	3
0.823711503793935	0.668903764927404	0
0.791774864749556	0.661624024764336	0
0.778675128463705	0.657267795334009	0
0.593205051840640	0.587269753550309	0
0.554058257653301	0.567530323822921	0
0.706986147165291	0.615559807419761	1
0.720763501524865	0.625381962954982	1
0.735869114866934	0.623197314746902	0
0.750345161454033	0.633262263180329	0
0.674394008517257	0.607502759993060	1
0.691198825836165	0.609472534060464	1
0.620402409746953	0.596055398001800	0
0.665956845653918	0.597433275242560	0
0.649127458810199	0.593715974597560	0
0.564662578228878	0.575124155872244	0
0.576830595272789	0.569873302815535	0
0.586508627045406	0.576702136957508	0
0.609802429173067	0.585827887427844	0
0.766891197439349	0.642865336142721	0
0.416320917699742	0.102382897670623	0
0.402144771461610	0.128317840647159	0
0.406101669727997	0.114502995522003	0
0.543583065423478	0.546815445338905	0
0.555417002580581	0.554565608186562	0
0.532211465319574	0.522463990325600	0
0.544090923416590	0.531609905575802	0
0.432170828402254	0.0461550020929258	3
0.435265679606794	0.0685709749933412	0
0.432877620409182	0.0887956994111014	0
0.394895836404546	0.141644216333232	0
0.633251145643175	0.590193855822006	0
0.507878378969974	0.492135960719799	3
0.525873260482816	0.503275648388055	0
0.391394510103730	0.155706946809737	0
0.376497080861588	0.166567002757085	0
0.377850887750736	0.182381751588244	0
0.366543445031571	0.194896971289783	3
0.817778618794435	0.655591918588747	0
0.800655386130325	0.651207383519511	0
0.447309444649676	0.0472359153716802	3
0.373532194432142	0.210609213574588	3
0.812439259401948	0.642791382064948	0
0.798177023538360	0.638348294446830	0
0.858982752630214	0.661693884040469	3
0.846541454919995	0.656132893267821	0
0.833246146102575	0.654308841068055	0
0.783321264001973	0.639793751070276	0
0.600037964440805	0.573527419283626	0
0.573786119254117	0.557695014679772	0
0.725625289567400	0.611131540060016	0
0.712313623418030	0.602627607696187	0
0.699890471525549	0.601009208349067	0
0.749391870383297	0.616928705217555	0
0.737520862450844	0.604710391568684	0
0.765966327548692	0.626469047797432	0
0.685022984724003	0.597736006321229	0
0.626169613887305	0.579322789454326	0
0.680183313257228	0.587399796449459	0
0.661282276345509	0.585831631052930	0
0.645313712918576	0.578596134041426	0
0.590529948055963	0.561880761183546	0
0.613172873784230	0.572580269037585	0
0.421215588728427	0.119503681521328	0
0.433329252168857	0.106809370072163	0
0.416704152413249	0.137694509478877	0
0.558639858999558	0.538459891940436	0
0.567294020075838	0.547859622100026	0
0.542491997894948	0.514076767340197	0
0.554773906363913	0.522887033908985	0
0.448263280634036	0.0613464870126221	0
0.450390339153626	0.0807610076423491	0
0.445769269572616	0.0969529959312667	0
0.408524550793408	0.150309402829407	0
0.520922606834208	0.484013269492604	0
0.506068455189058	0.475543382682804	3
0.533086316318138	0.490190083977968	0
0.542352604455234	0.500119288875648	0
0.409601301953003	0.164698546956376	0
0.394044265340949	0.169598182550287	0
0.394514193285271	0.182365799615951	0
0.387381529445001	0.195457927800794	0
0.825811165649731	0.640251966013086	0
0.462769524357284	0.0479726602536921	0
0.387460673516339	0.210426051287305	0
0.381599955935049	0.225630174887704	3
0.811738152834551	0.628104237117440	0
0.793875788720920	0.625352213962635	0
0.490682605080363	0.426671629100939	3
0.497607840848679	0.442846359460516	3
0.397464153571658	0.255079265031432	3
0.389545588609193	0.240301223913751	3
0.502739454575440	0.459087826688866	3
0.751514700802109	0.603374030388859	0
0.514503145357768	0.458814081095312	0
0.635478190525027	0.568753319248270	0
0.431226200642100	0.131206876257065	0
0.674917166725947	0.577257713016783	0
0.855354359183589	0.643680294002055	3
0.840927703738159	0.636963037087887	0
0.778945036019405	0.617813095142589	0
0.606399682150710	0.558730561887934	0
0.594028533957858	0.547479967531639	0
0.577414588170449	0.538457632743169	0
0.721697731534115	0.594459179516557	0
0.700595435026940	0.587769954645177	0
0.765818691776417	0.608197327305424	0
0.739968321583886	0.591713697540857	0
0.622446887139042	0.561961358991422	0
0.689674992608215	0.573406551326435	0
0.661987092035224	0.571736603099530	0
0.651379379848673	0.563631830071055	0
0.440964399840528	0.120737573038129	0
0.452053088529896	0.110469247388668	0
0.424174976794166	0.154859312441152	0
0.436318854799363	0.145040992852751	0
0.567522910860505	0.523629926107023	0
0.556736437143219	0.505483284794808	0
0.464803107270977	0.0673297375488173	0
0.468741691671678	0.0842362607047533	0
0.461695432431478	0.0968536219377865	0
0.524152870873300	0.468939759507544	0
0.536917484902706	0.477323887105563	0
0.548847215807061	0.488243005193224	0
0.425423184079587	0.172859551837026	0
0.410919556712003	0.180237376631716	0
0.409026226128930	0.194450511809662	0
0.401567899835604	0.206807158320556	0
0.828280565472480	0.624646684462897	0
0.479849439785931	0.0550337431744798	3
0.400554441408969	0.223392304955046	0
0.818715436203425	0.612641868398431	0
0.805346826093441	0.613696177543293	0
0.790017011685655	0.610704405931746	0
0.483108226537403	0.410357475432408	3
0.502342230519254	0.422490418108345	0
0.511463392152453	0.442471390147659	0
0.405126607869974	0.269951609540441	3
0.412255434917702	0.255102549865611	0
0.407037009584516	0.240128916851238	0
0.759510270443429	0.593835898312555	0
0.527367198384801	0.452390499029963	0
0.638985914170274	0.557212516335421	0
0.448561507771727	0.135468819275747	0
0.676769024351825	0.564023797124971	0
0.421034378955692	0.300521751647012	3
0.412777160888067	0.285159980415262	3
0.853491042292210	0.625410262331799	3
0.841478206210342	0.617994870705993	0
0.779184837439973	0.596871812735326	0
0.614287200823865	0.547141747889596	0
0.591679160263487	0.532413744858901	0
0.606700613168285	0.533373449083860	0
0.582729410456728	0.519850952950451	0
0.729856279229066	0.582075858528535	0
0.715259916763879	0.580259074777076	0
0.704837499920894	0.571817889431206	0
0.749137992138970	0.582952726047929	0
0.631011849179704	0.547254112998170	0
0.694303223864849	0.558278441800092	0
0.662882481342006	0.554861419075690	0
0.649775254233083	0.547546605305727	0
0.458936250963440	0.124421368272659	0
0.469079980093450	0.111316144984094	0
0.439376986907781	0.162537290493124	0
0.452130013477635	0.152342749242234	0
0.571965181054576	0.509510480337400	0
0.572130977308446	0.496416051644043	0
0.562929606895235	0.485964773598436	0
0.481864737876141	0.0750490224509230	0
0.480810574158192	0.0966002357767835	0
0.540795610963124	0.464115369426650	0
0.553181858387432	0.473183791532303	0
0.441441509898722	0.178735365653652	0
0.427849088298681	0.191781311560513	0
0.418481038633804	0.210819373239695	0
0.831621953002004	0.606735901420176	0
0.496824556822084	0.0640132672984508	3
0.420161429885929	0.229115154242949	0
0.813853701620080	0.597382707068221	0
0.797574931250914	0.600219449557231	0
0.494803812822259	0.400290314634521	0
0.475152413826473	0.394074883080813	3
0.520511806035920	0.432134020884660	0
0.514404914497570	0.413943039290994	0
0.421164123574166	0.266808834645757	0
0.424289649956896	0.246859376115365	0
0.766737945461754	0.583288884805126	0
0.533935362798766	0.440845054890936	0
0.543885084908664	0.452378639835026	0
0.464007810021176	0.140432579129927	0
0.677221263699931	0.551855550884077	0
0.435292835886687	0.299239448313507	0
0.429746087574651	0.315843763896230	3
0.427995716402977	0.283910886357121	0
0.466751460657710	0.378036979038653	3
0.457561698383013	0.362294793922369	3
0.448155272140684	0.346636129167915	3
0.438897040004364	0.331185998321615	3
0.455725595550998	0.182252333487616	0
0.509656058974748	0.396338420154000	0
0.471018234945051	0.364205486468124	0
0.852093406657050	0.606867876822919	3
0.796023759859455	0.587420010811895	0
0.781546917987423	0.578577852375565	0
0.623993893977566	0.533936430869698	0
0.598589838637231	0.517275101053718	0
0.616110460012277	0.519895513285953	0
0.588824600358156	0.501563416102792	0
0.740802361971239	0.571145565230780	0
0.724193565633626	0.566989102448899	0
0.711434296051884	0.559767339614697	0
0.756400289272656	0.571355883443016	0
0.643526706284609	0.535884062123215	0
0.688351903683310	0.543340617541910	0
0.706894672224995	0.546803307474864	0
0.666407479368746	0.539081269244236	0
0.474378772272026	0.127458989267316	0
0.484304200982402	0.114646945822142	0
0.458599371176757	0.167005152091388	0
0.471164553426364	0.154336280064916	0
0.579046995121219	0.480680985011424	0
0.567796421026314	0.469409650189334	0
0.496960898703256	0.0852035563830731	0
0.497600698476105	0.104265245616005	0
0.557810796306071	0.457055749030187	0
0.449830713758121	0.195935070635671	0
0.436805428234739	0.205637048059063	0
0.435805034841992	0.221003642809871	0
0.832607321097499	0.592464573699096	0
0.513028628797259	0.0744233628455455	0
0.437889838145397	0.238473568122929	0
0.814314223487929	0.581315701166659	0
0.483660151509547	0.378713541238048	0
0.497649587513521	0.383862164183481	0
0.534196217078050	0.424606516382546	0
0.526072974034638	0.406667201411725	0
0.435097083836537	0.270070569084047	0
0.437618503022445	0.255569970243222	0
0.770150378792519	0.568639335776726	0
0.548289597115181	0.439427368194444	0
0.480088888062120	0.142442582298644	0
0.444114731715459	0.282690026845986	0
0.448593480260789	0.300925043193731	0
0.444868186509499	0.315238588725659	0
0.460910006388480	0.346441931730704	0
0.453525867228002	0.329074286454939	0
0.467979511546076	0.192702613088474	0
0.471591958931859	0.177976329776050	0
0.520835746463371	0.389829040194027	0
0.510589489433441	0.378150529439220	0
0.484486532635345	0.362844346351765	0
0.473523078754169	0.349643475252869	0
0.455616769268660	0.291920689684273	0
0.563595031639663	0.443984516799404	0
0.850160419992975	0.588826892813791	3
0.795244122097166	0.571285189723475	0
0.779214685905265	0.558972377965359	0
0.634795361499300	0.523292060390009	0
0.610866453643563	0.506128104632869	0
0.628699210013353	0.509797631797745	0
0.593509484378194	0.484943243620398	0
0.604018276591544	0.493528647074313	0
0.757728996500279	0.557865396831592	0
0.739320426358849	0.555343067578737	0
0.725205729927486	0.550199851894039	0
0.654142859117057	0.525901216730916	0
0.684624003850674	0.528289345216225	0
0.702948709143185	0.533253044011652	0
0.719923996721178	0.537880545215671	0
0.669383846988760	0.524781992469281	0
0.490065055614010	0.131997722546752	0
0.499499819989729	0.120672656096241	0
0.480133753347116	0.165395692313258	0
0.492327254946435	0.150693981898056	0
0.577160692188041	0.457013186465723	0
0.591743815664579	0.470455668671835	0
0.512559305774900	0.0970562784860436	0
0.513066973927459	0.117391513701217	0
0.452540949453079	0.214173550358276	0
0.466632493501166	0.207156912568888	0
0.451675592392474	0.230790874496320	0
0.834052851161233	0.576714324962656	0
0.525309537998407	0.0883895371978181	3
0.454535836063614	0.249439730614127	0
0.821648620789189	0.567183089974080	0
0.808071214335794	0.565612101583463	0
0.498397086138563	0.366884435873006	0
0.553306455774583	0.426532282954196	0
0.542329186837835	0.410390798949945	0
0.533718858663985	0.392795846572942	0
0.450528347359880	0.265961173141601	0
0.460774852480791	0.278189986059811	0
0.462134190673613	0.311581639898222	0
0.466903667693424	0.330627734911496	0
0.481631897078116	0.202620135652288	0
0.484504821425022	0.189487436914899	0
0.488918280834780	0.177672378831057	0
0.526227030789506	0.374729359719412	0
0.513709355858813	0.364074067428359	0
0.490175614027885	0.350762678293318	0
0.478915891653191	0.337913958670477	0
0.466852582846555	0.295245312469749	0
0.572094815945591	0.434978758208099	0
0.465545552719873	0.238244002862295	0
0.751314257428570	0.544899842705146	0
0.491279777954145	0.336245553352884	0
0.719240165097858	0.525807075806904	0
0.848093454419829	0.570805840117052	3
0.797063191231163	0.554309742561306	0
0.783670797263771	0.544589997012222	0
0.767626274075441	0.540599163055791	0
0.646601991500180	0.511746893567890	0
0.620009044178074	0.494050365138018	0
0.636560163260807	0.498855447856782	0
0.610372463460812	0.478668860142918	0
0.737134858599663	0.535412098136231	0
0.661121026194933	0.510593425272290	0
0.701255001325160	0.519532104389825	0
0.675461292597885	0.513834717446183	0
0.687915687629396	0.510221174067790	0
0.505930656852164	0.136217951303671	0
0.498683033898901	0.167753998271140	0
0.508398707609670	0.155972285770526	0
0.592542361998712	0.455695844926151	0
0.589036783921633	0.442465474692886	0
0.604539424969769	0.464141134429231	0
0.528463368756709	0.111874151037388	0
0.524974227219755	0.129473746353778	0
0.469727031007878	0.223759355592435	0
0.484045586673397	0.215407638825865	0
0.832338418464714	0.558481643726186	0
0.537490764248473	0.103134175245467	3
0.473275042854836	0.253097930391783	0
0.467073300087434	0.265280020700865	0
0.814751975184379	0.549830553864958	0
0.505369458274947	0.350460534750961	0
0.562169107614725	0.415271715242461	0
0.548443635557330	0.398097631431882	0
0.541138106407868	0.380713377814492	0
0.474647563321822	0.283246648554122	0
0.477959839707328	0.302696655021410	0
0.478349654879826	0.320391674522106	0
0.496621833538720	0.201567666064014	0
0.502126427326092	0.186208512533674	0
0.522779897222097	0.355666362166122	0
0.537405559920661	0.364966966577370	0
0.582121151733399	0.426140655680952	0
0.480966748773969	0.238557948528873	0
0.753398903572213	0.530913558266115	0
0.491909077282519	0.322466207634871	0
0.503861049863056	0.335845008300721	0
0.732185610839929	0.519605414377255	0
0.717398939048496	0.510879455020757	0
0.555397473597924	0.389526183824438	0
0.505265814062602	0.322265510771564	0
0.845427855877312	0.553044739550190	3
0.798603756574664	0.537481403723473	0
0.781409761376824	0.529294869340300	0
0.764462760517146	0.519110425881385	0
0.655480569059446	0.495651373796200	0
0.629029008862496	0.483796712434405	0
0.642944057274326	0.487161952308792	0
0.624054028122656	0.471629571427379	0
0.747648760324360	0.517243197990155	0
0.672702335616883	0.498981260975200	0
0.701576509273405	0.502427908246321	0
0.687818623310403	0.492848511682021	0
0.520215139557157	0.145030623632379	0
0.515104027951724	0.177515428119376	0
0.521612951195634	0.163295958260846	0
0.606742645986588	0.448920798886474	0
0.601706119943196	0.433842645288772	0
0.617062799454381	0.460901089876065	0
0.542670684970748	0.131142964457383	0
0.549267952157569	0.118663322625642	3
0.536321322409457	0.143830553755271	0
0.490949437785992	0.228063192666172	0
0.501941548587535	0.215231565782667	0
0.829079306680156	0.541840621413350	0
0.483679515814786	0.270716807161966	0
0.488751680026702	0.253247484847694	0
0.813131066380528	0.531680813866821	0
0.517580758490063	0.338682086170148	0
0.565722323007386	0.401407938841132	0
0.578809158599298	0.410196677194600	0
0.553730060499522	0.375620961308872	0
0.488195572943640	0.289042564695923	0
0.492134676883138	0.307889385762751	0
0.512945720534231	0.198725535970151	0
0.534232765852136	0.348756572996609	0
0.550198327376684	0.361339737955071	0
0.592460063955889	0.417810455327679	0
0.499485604749514	0.242664527215558	0
0.737443689688440	0.506331361742101	0
0.714113658234531	0.494807466279803	0
0.726369501557417	0.498812250088912	0
0.568241908293581	0.387411703175689	0
0.508766800542407	0.309179767371360	0
0.519125821459710	0.324074185562468	0
0.495499234006212	0.265384268134716	0
0.526248999871921	0.190181879878081	0
0.547968336335070	0.345774302301161	0
0.842778162490969	0.535364166227945	3
0.797504129963815	0.519559120955856	0
0.780147029120588	0.515412183983450	0
0.772146313189207	0.502451911964876	0
0.755183178167714	0.500420483560207	0
0.653447953412533	0.478701300405531	0
0.671683242290775	0.483590431166827	0
0.639150491685780	0.471578696348667	0
0.632327416043160	0.457889330891441	0
0.703588708204516	0.484525952715459	0
0.687360140402685	0.478299023023596	0
0.536073222219314	0.159311713462008	0
0.535030162464906	0.177320286730780	0
0.621230966433114	0.445261695103867	0
0.616147289984275	0.429496505737878	0
0.605333097199185	0.420020243602795	0
0.552141456712194	0.152257760983727	0
0.560724263975909	0.135001789922254	3
0.509497684625578	0.230412728750024	0
0.516579097502484	0.215004927738196	0
0.827023899076946	0.524763513034968	0
0.502673223793860	0.277633138768593	0
0.506712196609786	0.259002274118104	0
0.811747022372321	0.515228125861142	0
0.532734811575847	0.332764033302278	0
0.581585845502294	0.396359413558435	0
0.595349645449597	0.405563576996541	0
0.568047688611497	0.371894245063865	0
0.501974268475679	0.293984195115072	0
0.528473505303102	0.207593782210218	0
0.562356980569252	0.357310375343100	0
0.517129800935300	0.247744307850893	0
0.739570585489903	0.491696161184564	0
0.723544058777367	0.482850083950299	0
0.581635533718492	0.383158268032244	0
0.525907667910205	0.314042019158154	0
0.516762212093347	0.300302673311395	0
0.540000630243217	0.197524942269019	0
0.549109908730309	0.332579201005832	0
0.564411617154379	0.345367662341919	0
0.663665724348043	0.470822334019916	0
0.840213662673296	0.517688893356551	3
0.806005524988054	0.500220291075251	0
0.790398964889824	0.504365204097492	0
0.767172060421890	0.485498394461240	0
0.782584390979058	0.492287548364105	0
0.751141302664625	0.483517722234084	0
0.650126314904531	0.460067799175846	0
0.677930833793670	0.466074405776988	0
0.642159317024966	0.445292711437300	0
0.696352441143446	0.467986266545078	0
0.711323817796934	0.470127420386233	0
0.551491843274188	0.171651204035199	0
0.551427187488528	0.188583147041941	0
0.631163919627422	0.435801162843278	0
0.612543699026889	0.411166158530986	0
0.628002757036446	0.422860522854451	0
0.565347293626094	0.165487386604857	0
0.571684354733424	0.152446748346780	3
0.525720851798172	0.227740306131600	0
0.823495803293650	0.507377649006356	0
0.519887972149122	0.270105713703237	0
0.517540827084439	0.285859973454986	0
0.538383490532751	0.316974149234585	0
0.598301566282718	0.392582999273996	0
0.589180328885888	0.374715078178630	0
0.577918355043512	0.361539541566157	0
0.540394728692837	0.216750166104963	0
0.530194937208132	0.244059616293547	0
0.532403834918855	0.262031738883300	0
0.739576085186471	0.475280794820678	0
0.727948048270654	0.467271947397319	0
0.530248407074389	0.298461822257512	0
0.552919349895975	0.207548784815313	0
0.566192270329735	0.333036666565567	0
0.551604748656429	0.320044994014184	0
0.579762518623637	0.350265507038818	0
0.664460923839678	0.457134873969574	0
0.717242796629459	0.456594686666980	0
0.837428598247348	0.500258981996910	0
0.809045727096882	0.481300277020545	0
0.795998195277824	0.486094022977523	0
0.821949542963980	0.490368391769215	0
0.757184673822225	0.468984481017632	0
0.785202134349203	0.476932235843128	0
0.772710740287453	0.471284822948852	0
0.660146912436019	0.441634471995011	0
0.687644029688770	0.455510498584884	0
0.676231448004561	0.447732035798330	0
0.645243279273348	0.427974420866017	0
0.703366371300247	0.453579304125087	0
0.570254498348811	0.183460465299292	0
0.565369350934117	0.198684164364990	0
0.615154166920392	0.399354766844771	0
0.630652823821473	0.411898013520538	0
0.582264203189547	0.171515103203692	3
0.541576831315550	0.233602300227941	0
0.536676023018206	0.284718531653080	0
0.544931120546979	0.303125072206559	0
0.609075574015048	0.383087807115777	0
0.596632075681186	0.362078524269373	0
0.554288950574987	0.225859306756953	0
0.544748186678566	0.250354686024041	0
0.549979504694804	0.265786347808140	0
0.542342906989717	0.274907968174983	0
0.745130876450628	0.459496347848795	0
0.732085708789027	0.452149267354694	0
0.566987065931645	0.216249773272673	0
0.578054331195299	0.329332236742742	0
0.560476431190013	0.315372352328751	0
0.584694424085492	0.343101241407513	0
0.718969665361304	0.443349620949847	0
0.612903439970839	0.372657453805788	0
0.571050724556958	0.314227900094535	0
0.836628307127380	0.480680033493663	3
0.802377667958257	0.467041154552486	0
0.821203011525216	0.471449489828991	0
0.769758979202299	0.457347088220456	0
0.759991556591942	0.449609211902827	0
0.785765950447134	0.459981880980196	0
0.681263927647014	0.431796789175769	0
0.663072506806933	0.425050446904291	0
0.693282737673346	0.441776662004244	0
0.646672695146254	0.411193376335673	0
0.706769714315079	0.437724567292342	0
0.581082358188483	0.205474400365663	0
0.592210279928176	0.191497707091185	3
0.628784017390260	0.396678525153457	0
0.558153875721617	0.243199478474147	0
0.558368382294308	0.298409489976288	0
0.555024445475835	0.284043605577378	0
0.628705907833698	0.381055417754882	0
0.615578639147315	0.361864170966391	0
0.597257840346665	0.343883793646890	0
0.568378641313363	0.234977330073598	0
0.561716668964581	0.258354087708454	0
0.564792769070597	0.276317915664885	0
0.746639164516325	0.442366315073489	0
0.734159018334589	0.437279793582625	0
0.579430762475914	0.228446206926193	0
0.587713490987649	0.323380278436079	0
0.720370222647177	0.429142500593289	0
0.577311231193314	0.306680041440068	0
0.612013758865226	0.346772904884066	0
0.837282358121067	0.461915841733763	0
0.818044364495600	0.455365979762730	0
0.799899291409885	0.450024229898476	0
0.780432191140758	0.442156177189285	0
0.762424042314582	0.433831458291239	0
0.680004382706045	0.415242362733810	0
0.703469935218085	0.425785899327824	0
0.693749591498848	0.418071137717563	0
0.665327526414057	0.411858842916488	0
0.657744073356763	0.401646127021625	0
0.643942469167621	0.394172157330436	0
0.601661171358620	0.213014597932302	3
0.592763927358308	0.222807289710984	0
0.577473906862802	0.250998464534353	0
0.573907428731658	0.292746956021853	0
0.648066719378458	0.381108402321230	0
0.634483302555803	0.368276186000030	0
0.628236658132071	0.354198564070328	0
0.602486007023110	0.330343311423798	0
0.574376868019867	0.267388276495194	0
0.580616438662921	0.281836964124195	0
0.748376233966646	0.424614141597288	0
0.734611354984942	0.423856948830783	0
0.593350226221171	0.240707227937956	0
0.592416972670746	0.309803543799762	0
0.722407145186883	0.416038603582147	0
0.621954768769781	0.339289698445600	0
0.842901048185638	0.446750747012759	3
0.831567475109382	0.442736119212318	0
0.816593620155109	0.437729077752464	0
0.799956404524984	0.436009020552344	0
0.776355878767108	0.424955164294912	0
0.793965668522995	0.425146031168447	0
0.762925626758385	0.417013702098746	0
0.676405777310042	0.400193663414094	0
0.697594863393495	0.403404833964766	0
0.711296735461620	0.409525840975980	0
0.662894230649086	0.389545559195247	0
0.611070199486960	0.236303586823866	3
0.593043820587184	0.257653587157027	0
0.589894671985218	0.272343708424613	0
0.591479965806646	0.292580259316326	0
0.651582455491986	0.369372971578131	0
0.666093711421948	0.375985481247949	0
0.647043507656223	0.358776466151420	0
0.640306116569014	0.348178922993321	0
0.609952365406925	0.321910816879804	0
0.752081729795762	0.408183348339539	0
0.738951182197959	0.410672664508879	0
0.606299979137929	0.256955058491182	0
0.605595570280183	0.305786076942931	0
0.730725506251740	0.400702201709544	0
0.625958005593683	0.330041936089226	0
0.641130822222169	0.338808260395072	0
0.850022535746366	0.431651882597687	3
0.689732352236052	0.394017574236888	0
0.836275709787891	0.424127143956289	0
0.814979679982574	0.421491298247617	0
0.776690085539178	0.406391668143683	0
0.788119332141875	0.412406841597881	0
0.803601295275573	0.408321018391361	0
0.764365909816462	0.399259255801507	0
0.682035631648029	0.384761651801433	0
0.702507065024777	0.387946884380796	0
0.720013997918739	0.392779187544055	0
0.618025871348302	0.261835003183193	0
0.605960458389190	0.274976881703390	0
0.604651923756548	0.289483981184688	0
0.667586867000789	0.362221849872415	0
0.682272968748030	0.371994853726333	0
0.658268077950156	0.349350550602401	0
0.622375752075254	0.317807117779517	0
0.749158345387992	0.394756542166546	0
0.618510550501090	0.276870386357048	0
0.620309710631065	0.305799396577628	0
0.741445737914552	0.384881951559158	0
0.640094786423128	0.328634183357165	0
0.658055031577950	0.338176821293382	0
0.858806407236715	0.416494818861453	3
0.715169888550388	0.380124391969560	0
0.673561208035624	0.343733874800845	0
0.849588094957718	0.404183570415482	0
0.832140750456565	0.410888203077969	0
0.818813999939326	0.404721847929840	0
0.778453300682926	0.389786537187119	0
0.792219023826806	0.396665727040450	0
0.808964253915551	0.389859514510749	0
0.763395089044857	0.383016693460462	0
0.700349875428515	0.373718767885239	0
0.729888743269838	0.374761317203898	0
0.632532552097616	0.290500525467464	3
0.622083036859090	0.294310475643690	0
0.678463068551526	0.352533451042059	0
0.689693722526025	0.362033410322857	0
0.640556972111366	0.320118241527040	0
0.638583595071612	0.311911248393009	0
0.742350126081189	0.370007927559383	0
0.754501139166710	0.372450656671355	0
0.659307998355575	0.329835010832919	0
0.678919022125725	0.335503828441219	0
0.868686393688154	0.401352931149679	3
0.719926692930482	0.366619533862168	0
0.691143381218068	0.341398271729548	0
0.679192126775198	0.328286984411934	0
0.836235414694690	0.395511656601914	0
0.850039008222990	0.386353909978479	0
0.864147511277667	0.389304008294959	0
0.823399715128867	0.390609972340784	0
0.781804210856866	0.375450889079826	0
0.795888057026413	0.381460553470946	0
0.821883869842801	0.375403741867771	0
0.809685427483866	0.369503946815993	0
0.770556461961763	0.368016122739244	0
0.708869049372568	0.358821989723919	0
0.738887478854521	0.356498799662304	0
0.645935965178721	0.308619287655397	0
0.652884946923186	0.306978477225732	0
0.699265538392858	0.350022992744093	0
0.663525903988805	0.321591901214474	0
0.752054414494827	0.357107166973904	0
0.762840636853465	0.359335340027975	0
0.698635537328381	0.329247470275013	0
0.878999487671890	0.386015598032840	3
0.726675314089405	0.352964843808114	0
0.707712541210806	0.337197194595725	0
0.690029621788424	0.322531868715253	0
0.836465942165855	0.379915062739475	0
0.850034909061385	0.370247841015911	0
0.862775478511356	0.375337703578464	0
0.875841035772005	0.371234542915460	0
0.795905098107717	0.366555816999306	0
0.786509325656165	0.358136088529225	0
0.823346094770264	0.356152987916475	0
0.835673522846835	0.364560583486354	0
0.804575007280740	0.351728078373729	0
0.776392052114142	0.350581033705402	0
0.720456742169531	0.343147320777012	0
0.753564575863555	0.342470292460621	0
0.739480300388108	0.338910970756281	0
0.673955482595262	0.313656665859649	3
0.691095740647523	0.316524349627198	0
0.766151913902012	0.344243419020222	0
0.716509022185197	0.322688068919224	0
0.708413850938868	0.316073548175102	0
0.889270142699015	0.370905317745952	3
0.722989214176135	0.330155333569587	0
0.851684001886398	0.356298362162883	0
0.866050908687114	0.359519229103378	0
0.885009639818198	0.353463688862889	0
0.791658072877084	0.341122111634472	0
0.842132683960215	0.347922335454122	0
0.834222934691487	0.339308645793745	0
0.818723892424453	0.341243274508538	0
0.808271993760693	0.331406696777936	0
0.780538485723152	0.333044278058202	0
0.737920891987234	0.323451529398282	0
0.769715791351746	0.328495137925755	0
0.756756275594492	0.329027088570594	0
0.750633631902400	0.322842580665204	0
0.694456700422997	0.309275671856482	0
0.712592614421390	0.304645597780622	0
0.732225685888883	0.314535969827305	0
0.727935173485765	0.305235431469407	0
0.899069774475390	0.356064000571613	3
0.756040357169760	0.309135041426983	0
0.859364001529507	0.342717455916596	0
0.873737154776374	0.345688246374868	0
0.898189220196663	0.337278529327500	0
0.884725325844866	0.333735141256657	0
0.795105538071401	0.322430029184817	0
0.849332702313084	0.328295352418120	0
0.829826498104624	0.326148621485364	0
0.821542682757523	0.317115575904582	0
0.807577355018924	0.313462050069178	0
0.784617171131337	0.314663017713068	0
0.746085567006663	0.300214243035117	0
0.769458049804404	0.313445541652273	0
0.711255522855848	0.293695504607153	3
0.722415171382036	0.287309864200052	0
0.729605179831633	0.290910972130508	0
0.742261934678758	0.284501287865006	0
0.908587927444890	0.341216903377682	3
0.761060842548297	0.292982069832271	0
0.772991590650556	0.297662079826759	0
0.868404619196691	0.329814695049487	0
0.917001810925689	0.326251745722471	3
0.898371721956895	0.319755036620907	0
0.879977385856809	0.317767190668101	0
0.801823542168182	0.300897899809784	0
0.840635632206825	0.310180217122411	0
0.861021170466302	0.315286085470683	0
0.821000979020037	0.302392907328698	0
0.787213129452375	0.298067724740151	0
0.758016789602188	0.277106527769847	0
0.723876006478720	0.270705439895542	0
0.735400230833757	0.269772990666648	0
0.750005168647798	0.264626340127736	0
0.772764399778949	0.279682903025395	0
0.786022582168993	0.283857815757172	0
0.924866528250880	0.311277128010597	3
0.891660372004587	0.304375959989584	0
0.911638851370644	0.304536945918147	0
0.873560882671344	0.302309745561678	0
0.817117437597782	0.286034528087105	0
0.802077142173355	0.280351382031061	0
0.858517431962094	0.301045278434805	0
0.847590267165749	0.294454511602906	0
0.833229289666833	0.292066975568245	0
0.775939011055116	0.262892302313163	0
0.766227856993524	0.255649744344218	0
0.732581558688272	0.248702650011146	3
0.744743453232586	0.247944197794016	0
0.757486186406196	0.246566021585874	0
0.789296515865562	0.268922286596314	0
0.932458465279265	0.296367557719236	3
0.882693411042731	0.290234469597046	0
0.901919716601969	0.289903769275573	0
0.792071751770605	0.253781673569356	0
0.919938897095568	0.285206029516153	0
0.863519961723846	0.285587002137147	0
0.831762430657723	0.273219121313517	0
0.818731244438491	0.266257804826781	0
0.805525012178481	0.260487134625396	0
0.846717561465831	0.278615661193666	0
0.784009743371527	0.243408167779289	0
0.769869993365694	0.235701548925606	0
0.742002077592755	0.228044963452196	3
0.755933618378411	0.227895387050165	0
0.940190994671600	0.281503246779762	3
0.893796466057696	0.277430779218665	0
0.877753206160032	0.275709691288001	0
0.908935562213457	0.270356764172970	0
0.804157979415027	0.242764879770879	0
0.929287091065300	0.269695697317159	0
0.861016446751505	0.268288522352997	0
0.846426378683904	0.260587656091480	0
0.833130636647834	0.252915355384413	0
0.820050207139004	0.247401482002938	0
0.784056580303748	0.227165842065532	0
0.800730111044782	0.227176370176333	0
0.770005657242056	0.217110213785870	0
0.751403501058781	0.208340649082401	3
0.947792679301325	0.266598729549739	3
0.892063190563380	0.260887099186180	0
0.874715193655661	0.261946662752137	0
0.907804333007697	0.251158253042240	0
0.920650364661018	0.258483747326497	0
0.817790148910149	0.232110443786554	0
0.878829304912216	0.249302568547134	0
0.937030651948648	0.253426410608903	0
0.861296714537065	0.249246530565940	0
0.846245878852628	0.242677908886226	0
0.834291698400755	0.232208445189897	0
0.787891857128143	0.211477693171029	0
0.804847139138653	0.212328279639880	0
0.821363162785954	0.217384578840554	0
0.770991299373866	0.201563850367285	0
0.760463638589326	0.189478816898395	3
0.954911169657074	0.251669129863118	3
0.895169841912006	0.242519932243167	0
0.924500666651380	0.242974530467811	0
0.908917178741241	0.232663197579375	0
0.883500937416217	0.236597726272591	0
0.868824227827505	0.234906926511031	0
0.881281622186625	0.224488734910618	0
0.927042785294853	0.229125649751581	0
0.943862336732930	0.238411207122310	0
0.854416610891722	0.228259581401065	0
0.842154500449509	0.215564896596238	0
0.786118271256209	0.194787884903320	0
0.800548603106795	0.197308259746043	0
0.816438066769166	0.200856126350581	0
0.832613120800974	0.204765277117993	0
0.774140559787451	0.184554228141044	0
0.769548809374823	0.170843879485777	3
0.961644665075880	0.236787365334878	3
0.895300300152786	0.223082247648185	0
0.916222204955513	0.219266343956597	0
0.905634295478428	0.213350576842206	0
0.868985499216313	0.218222649196884	0
0.883958907412416	0.211180935622546	0
0.928213647309364	0.211764485053761	0
0.939632180286619	0.224637935978495	0
0.786812611878965	0.179093991091329	0
0.953979319111109	0.222359625643199	0
0.859231954929642	0.207771484646266	0
0.848584805553189	0.196495129093907	0
0.800042253258572	0.180666079418098	0
0.813694716258750	0.184531901736785	0
0.829527754431132	0.190571114882292	0
0.783373942819057	0.165579682454071	0
0.779050651816053	0.152801386468866	3
0.968506690862717	0.222368344005589	0
0.896199813586988	0.202275699584651	0
0.915165764617307	0.200047413873887	0
0.875842950405524	0.201015118383854	0
0.934838460722929	0.197493140716998	0
0.944076733457676	0.210014493940544	0
0.798577406743598	0.164144187389848	0
0.973021937342639	0.207756982331558	3
0.887521820348947	0.189846013081278	0
0.921142661957887	0.186288943353902	0
0.959397825048931	0.203808409242596	0
0.867923159050562	0.187521045663407	0
0.855588226273690	0.179131634917201	0
0.841211145056626	0.182136485318441	0
0.813604880400600	0.166725104359325	0
0.827518441542641	0.173507632603742	0
0.796003564579554	0.147607185320998	0
0.788990030245950	0.135223690505778	3
0.903562530329746	0.183993505547319	0
0.950381284632109	0.191292665632911	0
0.936587563187102	0.181559628097430	0
0.811081731692669	0.148968067828209	0
0.978128257978475	0.193184950132701	3
0.884098173926636	0.176058255322261	0
0.919645376733915	0.172481997406385	0
0.799545626360459	0.118630253784145	3
0.966153481007508	0.185010102402516	0
0.863916538553574	0.164548753821170	0
0.843745054408775	0.165371628761940	0
0.828494326835216	0.155363401902107	0
0.811742126812217	0.127743449666179	0
0.901985865314097	0.166160122343492	0
0.953125392635248	0.174702886418605	0
0.937514722964315	0.166241923808394	0
0.825807617747357	0.138862769988456	0
0.983564055908002	0.178559388333851	3
0.881988318832281	0.163861409008690	0
0.920089871293408	0.158260981545968	0
0.810693416849182	0.103041092094142	3
0.939293428051841	0.152027236384428	0
0.970466338356533	0.167004245526339	0
0.877019210557741	0.149969434878363	0
0.862093388086448	0.145635853072468	0
0.845781207805580	0.145912851975943	0
0.825802626084902	0.108740842416652	0
0.837641175533875	0.125294330422100	0
0.906057084738188	0.146830094148657	0
0.892822190225349	0.153726930335945	0
0.955979034331446	0.158881210628715	0
0.988582829589370	0.163654040008715	3
0.925492237380496	0.145374521774339	0
0.823246683680267	0.0892374404891123	3
0.943625389706612	0.138450663244591	0
0.957278105621049	0.145467296641959	0
0.993219025640052	0.148385539339623	0
0.841108859764009	0.108253252199347	0
0.975293308301737	0.146879114115492	0
0.890836674846177	0.137785996838384	0
0.875508518355317	0.133531686223555	0
0.860659983339358	0.127210046975852	0
0.840492868580163	0.0910417381181830	0
0.856401456620095	0.112061245636182	0
0.903903168666692	0.127228757575060	0
0.915696056283767	0.134394530845502	0
0.930142129996276	0.130756361398346	0
0.836506439801709	0.0766798910171183	3
0.945055203334937	0.124578011157747	0
0.961827595465991	0.131889737732033	0
0.992252182790681	0.131600550156353	3
0.853720482798551	0.0966001914562991	0
0.849793158910036	0.0648726038270464	3
0.975962197790812	0.123832783526137	0
0.885516041361734	0.120069827819789	0
0.874367178156132	0.108544741782264	0
0.857902675758910	0.0796748459215284	0
0.868107664416527	0.0942252376286792	0
0.904831936880637	0.111978503684046	0
0.921514058098126	0.117149386422700	0
0.937991356377909	0.113737726715631	0
0.958738028957080	0.114686839181614	0
0.990828983961672	0.114781366125087	3
0.867976324785908	0.0649285209519841	0
0.862634340200350	0.0530717284055073	0
0.988036510050730	0.0980754839394173	3
0.973874452328210	0.102391541610799	0
0.893780483055403	0.102274941484996	0
0.884683921528306	0.0903938222008422	0
0.876218192082861	0.0782413730306086	0
0.914492199323478	0.0993385228841903	0
0.931465457529264	0.100665413748728	0
0.947280772798141	0.102605575788319	0
0.958795341100179	0.0964481033902556	0
0.882211958470175	0.0633018882290199	0
0.877758963170302	0.0470884330569095	3
0.985016476681653	0.0818136975863315	0
0.964427461884263	0.0830562429087249	0
0.901521656187127	0.0863531656623813	0
0.893825888315790	0.0733437330611979	0
0.928630209476778	0.0868583365338502	0
0.915834018116126	0.0829923724961610	0
0.944710739535910	0.0857373508859132	0
0.895276050222425	0.0564557753793606	0
0.892631759008708	0.0406517266387911	3
0.973868338034180	0.0692945365864774	3
0.950883070173580	0.0671284171285971	0
0.911513679168326	0.0680836260646793	0
0.931202085367927	0.0721876125090797	0
0.911087263569420	0.0510286366508539	0
0.907717634311102	0.0347438469409351	0
0.963424822441122	0.0565940647222203	3
0.952981793643104	0.0438079909014719	0
0.931153393514742	0.0557050593243997	0
0.923008518081249	0.0375799459710862	3
0.938170904268990	0.0408726580224315	3

End
