0.280985 1.33234 1 
0.037632 1.46818 1 
-0.080231 1.44365 1 
-0.168179 1.39271 1 
-0.242764 1.31191 1 
-0.204039 1.18494 1 
-0.293911 1.07799 1 
-0.287015 1.18857 1 
-0.25763 0.956079 1 
-0.162254 0.872955 1 
-0.347905 0.765984 1 
-0.858236 0.545615 1 
-0.705974 0.45192 1 
-0.606043 0.434533 1 
-0.321091 0.451746 1 
-0.262648 0.35866 1 
-0.290046 0.103949 1 
0.26481 0.927011 1 
0.232966 0.842325 1 
0.263486 0.784235 1 
0.842712 0.484675 1 
0.914567 0.548572 1 
0.110473 -0.442316 1 
0.166166 -0.558305 1 
0.232042 -0.532383 1 
0.211241 -0.651407 1 
0.24491 -0.711084 1 
0.30843 -0.693317 1 
0.455584 -0.754807 1 
0.606198 -0.734257 1 
0.590819 -0.788565 1 
0.303345 -0.126596 1 
0.32275 -0.104156 1 
-0.150275 -0.136395 1 
-0.22697 -0.0941959 1 
-0.288735 -0.104043 1 
-0.308218 -0.283578 1 
-0.241509 -0.32371 1 
-0.326973 -0.362211 1 
0.0613585 -0.169223 1 
0.0576416 -0.321163 1 
0.130497 -0.234116 1 
0.228139 -0.409913 1 
0.540493 -0.481978 1 
0.303719 -0.650994 1 
0.325805 -0.487158 1 
0.145384 -0.327993 1 
0.243448 -0.275014 1 
-0.137957 -0.300963 1 
-0.113294 -0.365356 1 
-0.184133 -0.408313 1 
-0.075936 -0.466485 1 
-0.277544 -0.517644 1 
-0.360316 -0.603047 1 
-0.477996 -0.619011 1 
-0.544353 -0.593294 1 
-0.438944 -0.387834 1 
-0.386621 -0.298363 1 
-0.486141 -0.480604 1 
-0.529364 -0.792484 1 
-0.12889 -0.598312 1 
-0.178821 -0.687802 1 
-0.311291 -0.718169 1 
-0.555751 -0.723619 1 
-0.249625 -0.630557 1 
-0.101916 -0.533415 1 
-0.223783 -0.0109525 1 
-0.299373 0.199862 1 
0.208119 0.132138 1 
-0.0148301 0.334962 1 
-0.150271 0.270304 1 
0.0826935 0.572275 1 
-0.0332703 0.466773 1 
0.531021 0.517075 1 
0.742317 0.558198 1 
0.832218 0.571618 1 
0.611743 0.692769 1 
0.463554 0.676477 1 
0.564043 0.685397 1 
0.619123 0.600607 1 
0.410536 0.562325 1 
0.13423 0.685847 1 
0.162151 0.615904 1 
-0.0814522 0.573563 1 
-0.175338 0.634288 1 
-0.291357 0.618932 1 
-0.455223 0.624021 1 
-0.513629 0.591553 1 
-0.410243 0.663325 1 
-0.237379 0.713308 1 
0.0919745 0.80664 1 
0.233611 0.938082 1 
0.229373 1.10907 1 
0.119634 1.12603 1 
0.167094 1.00971 1 
-0.129472 0.954557 1 
-0.160428 1.11656 1 
-0.192565 1.01707 1 
0.0978995 1.18504 1 
0.203016 1.40766 1 
0.0562662 1.29779 1 
-0.0274072 1.20593 1 
0.194088 1.21864 1 
0.0258604 1.05755 1 
0.0541424 0.93535 1 
-0.0222034 0.926865 1 
-0.121701 0.858405 1 
-0.0307838 0.847069 1 
-0.00356866 0.705806 1 
0.218251 0.495819 1 
-0.185976 0.153525 1 
-0.0991671 0.0606109 1 
-0.238046 0.275096 1 
-0.223761 0.517439 1 
-0.0916974 0.499184 1 
-0.142116 0.393429 1 
0.0752896 0.442325 1 
0.14505 0.296702 1 
0.276371 0.118922 1 
0.021324 0.177652 1 
0.0616535 0.00906353 1 
-0.0408142 -0.0811599 1 
-0.0482925 -0.188105 1 
0.327312 -0.00313 1 
0.357426 -0.167719 1 
0.164911 -0.0550308 1 
0.449488 -0.306412 1 
0.348509 -0.359635 1 
0.340975 -0.252248 1 
0.410238 -0.249683 1 
0.437386 -0.450552 1 
0.495754 -0.395265 1 
0.441932 -0.601513 1 
0.383712 -0.711813 1 
0.286364 -0.766797 1 
0.363474 -0.836925 1 
-0.044614 -0.367034 1 
0.357594 0.256836 1 
0.438035 0.408756 1 
0.352555 0.467515 1 
0.558995 0.42398 1 
0.654442 0.435002 1 
0.52689 0.802803 1 
0.46128 0.78444 1 
0.405319 0.76408 1 
0.350281 0.754771 1 
0.351359 0.65693 1 
0.242481 0.689269 1 
0.202684 0.774416 1 
0.168253 0.88776 1 
0.338285 1.0861 1 
-0.381017 0.545555 1 
-0.69857 0.553375 1 
-0.80805 0.488005 1 
-0.863286 0.74107 1 
-0.789064 0.798397 1 
-0.781371 0.674075 1 
-0.624429 0.685451 1 
-0.510109 0.810715 1 
-0.489552 0.710518 1 
-0.413165 0.785461 1 
-0.327382 0.709919 1 
-0.243338 0.769343 1 
-0.198913 0.861289 1 
-0.196103 0.799361 1 
-0.0990259 1.28049 1 
-0.0909145 1.37944 1 
0.0279197 1.38639 1 
0.140957 1.44019 1 
0.339523 1.19722 1 
-0.290487 0.756885 1 
-0.629086 0.835233 1 
-0.732002 0.820238 1 
-0.882593 0.615766 1 
-0.484685 0.422678 1 
-0.343842 0.380564 1 
-0.408703 0.408108 1 
0.27623 0.754443 1 
0.619546 0.8247 1 
0.841126 0.794352 1 
0.737416 0.83636 1 
0.740813 0.778101 1 
0.91071 0.69718 1 
0.723193 0.674423 1 
0.933347 0.605924 1 
0.724781 0.445488 1 
0.780257 0.522925 1 
0.39066 0.364168 1 
0.527204 -0.782837 1 
0.537582 -0.856677 1 
0.450588 -0.878238 1 
0.602742 -0.64344 1 
0.52992 -0.699166 1 
-0.451751 -0.856043 1 
-0.383759 -0.854219 1 
-0.373678 -0.785221 1 
-0.316443 -0.837709 1 
-0.238439 -0.772194 1 
-0.238406 -0.221482 1 
-0.349892 -0.237209 1 
0.343244 0.110149 1 
0.351553 0.184123 1 
0.296657 0.178727 1 
0.274983 0.308538 1 
0.263106 1.02237 1 
0.296566 0.973181 1 
-0.277512 0.014501 1 
-0.220595 0.0758361 1 
-0.306489 0.291941 1 
0.249748 1.28427 0 
0.21025 1.30146 0 
0.245948 1.37325 0 
0.0328899 1.42788 0 
0.086929 1.45972 0 
-0.0242378 1.40625 0 
-0.0222865 1.46167 0 
-0.0388325 1.37961 0 
-0.0841993 1.41095 0 
-0.110728 1.40178 0 
-0.126149 1.42158 0 
-0.138933 1.34248 0 
-0.094478 1.33708 0 
-0.182257 1.29169 0 
-0.208815 1.35581 0 
-0.166272 1.21106 0 
-0.294845 1.13348 0 
-0.250961 1.18233 0 
-0.260355 1.14048 0 
-0.190361 0.945773 0 
-0.171459 0.912015 0 
-0.226936 0.910128 0 
-0.174696 0.84212 0 
-0.192059 0.830058 0 
-0.381316 0.775521 0 
0.281788 1.27567 0 
-0.37197 0.747154 0 
-0.833872 0.636676 0 
-0.816593 0.608114 0 
-0.874296 0.579448 0 
-0.748221 0.607891 0 
-0.78042 0.54751 0 
-0.702078 0.495434 0 
-0.757312 0.464964 0 
-0.765898 0.518282 0 
-0.659105 0.489088 0 
-0.656293 0.441773 0 
-0.354006 0.424181 0 
-0.397822 0.468419 0 
-0.361754 0.49428 0 
-0.286599 0.330238 0 
-0.248815 0.318875 0 
-0.281253 0.292489 0 
-0.316849 0.335701 0 
-0.298779 0.361752 0 
-0.295108 0.151864 0 
-0.267863 0.144909 0 
-0.262169 0.0880987 0 
0.244931 0.98456 0 
0.279071 0.99354 0 
0.266559 0.960939 0 
0.28028 0.9493 0 
0.242816 0.887094 0 
0.229128 0.896893 0 
0.212779 0.814234 0 
0.18161 0.837283 0 
0.208261 0.869353 0 
0.232887 0.788574 0 
0.242608 0.811457 0 
0.812517 0.540867 0 
0.841068 0.535978 0 
0.819059 0.50816 0 
0.866328 0.557925 0 
0.881379 0.511005 0 
0.868346 0.591813 0 
0.927386 0.576487 0 
0.356999 0.371747 0 
0.314337 0.322052 0 
0.292197 0.34352 0 
0.108489 -0.323273 0 
0.0923621 -0.37251 0 
0.181418 -0.366596 0 
0.177776 -0.417851 0 
0.298216 1.30451 0 
0.228847 -0.596642 0 
0.183033 -0.594038 0 
0.270073 -0.578716 0 
0.263721 -0.654038 0 
0.281636 -0.677255 0 
0.226477 -0.680056 0 
0.27701 -0.706411 0 
0.306065 -0.734035 0 
0.265699 -0.741252 0 
0.338272 -0.713557 0 
0.349303 -0.750968 0 
0.415825 -0.749018 0 
0.405418 -0.803375 0 
0.374987 -0.786609 0 
0.435947 -0.820172 0 
0.405065 -0.863068 0 
0.558758 -0.794084 0 
0.569062 -0.757682 0 
0.60086 -0.761569 0 
0.567714 -0.827443 0 
0.530216 -0.823031 0 
0.531515 -0.744315 0 
0.564819 -0.715052 0 
0.260607 1.24862 0 
0.337463 -0.135876 0 
-0.257707 1.2834 0 
0.3206 -0.0506087 0 
0.215189 -0.0244472 0 
0.292428 0.00434314 0 
0.0617832 -0.0641094 0 
0.106752 -0.0387871 0 
0.113216 -0.143961 0 
0.0158517 -0.11179 0 
0.000200336 -0.0387176 0 
-0.0766846 -0.0221652 0 
-0.0204988 0.0374666 0 
-0.221618 -0.0545765 0 
-0.251931 -0.0320383 0 
-0.21597 0.0324505 0 
-0.25198 0.0529899 0 
-0.183057 -0.084802 0 
-0.204322 -0.131957 0 
-0.190896 -0.184514 0 
-0.235365 -0.165313 0 
-0.270063 -0.186093 0 
-0.260005 -0.100919 0 
-0.234273 -0.278907 0 
-0.275447 -0.304054 0 
-0.274013 -0.260797 0 
-0.279084 -0.353911 0 
-0.315173 -0.323254 0 
-0.352405 -0.336398 0 
-0.348465 -0.299191 0 
-0.179966 -0.250194 0 
-0.196024 -0.313131 0 
-0.093481 -0.164063 0 
-0.0818931 -0.224978 0 
-0.136961 -0.201782 0 
0.060363 -0.254357 0 
-0.00188584 -0.278768 0 
-0.000319596 -0.177345 0 
0.110047 -0.190722 0 
0.0989475 -0.277347 0 
0.343472 -0.301783 0 
0.293467 -0.322086 0 
0.300165 -0.26756 0 
0.287814 -0.384631 0 
0.237292 -0.344247 0 
0.23244 -0.464311 0 
0.280023 -0.44585 0 
0.266678 -0.5031 0 
0.339478 -0.426196 0 
0.404169 -0.407598 0 
0.390628 -0.472476 0 
0.369022 -0.528704 0 
0.414456 -0.51762 0 
0.558059 -0.682655 0 
0.490859 -0.646335 0 
0.515796 -0.618455 0 
0.488023 -0.719455 0 
0.464598 -0.678124 0 
0.576589 -0.562653 0 
0.495587 -0.542664 0 
0.309201 -0.546773 0 
0.183355 -0.24755 0 
0.189407 -0.307345 0 
0.145391 -0.282835 0 
-0.125299 -0.336811 0 
-0.138392 -0.402344 0 
-0.159703 -0.356497 0 
-0.241572 -0.471173 0 
-0.149041 -0.471447 0 
-0.194019 -0.539141 0 
-0.123585 -0.440047 0 
-0.0881012 -0.49871 0 
-0.0917276 -0.407287 0 
-0.307411 -0.572226 0 
-0.256209 -0.581508 0 
-0.297551 -0.621092 0 
-0.41077 -0.549479 0 
-0.380868 -0.502019 0 
-0.425963 -0.610546 0 
-0.473015 -0.530844 0 
-0.518573 -0.536881 0 
-0.517496 -0.616346 0 
-0.285309 -0.446 0 
-0.265162 -0.39825 0 
-0.381341 -0.407017 0 
-0.364577 -0.369043 0 
-0.41427 -0.344687 0 
-0.466228 -0.440726 0 
-0.546152 -0.760611 0 
-0.492534 -0.730291 0 
-0.473871 -0.759217 0 
-0.212337 -0.635102 0 
-0.197336 -0.61018 0 
-0.153574 -0.645581 0 
-0.41207 -0.767315 0 
-0.365046 -0.711944 0 
-0.345903 -0.752465 0 
-0.236228 1.25047 0 
-0.448726 -0.688528 0 
-0.399893 -0.664576 0 
-0.335127 -0.665462 0 
-0.276462 -0.673414 0 
-0.241095 -0.698793 0 
-0.206349 -0.577563 0 
-0.11568 -0.568006 0 
-0.222552 -0.368475 0 
-0.169106 0.0557738 0 
-0.179442 0.000237428 0 
-0.1907 0.103198 0 
-0.144131 0.108312 0 
-0.238451 0.174101 0 
0.112113 0.0683943 0 
0.0389768 0.0941139 0 
0.107142 0.150243 0 
0.0609424 0.314528 0 
0.0831925 0.235491 0 
0.00252854 0.258765 0 
0.161825 0.214713 0 
-0.0823414 0.363053 0 
-0.079451 0.284345 0 
-0.140156 0.330586 0 
-0.0559939 0.205472 0 
-0.198396 0.309128 0 
-0.160583 0.462035 0 
-0.235687 0.444589 0 
-0.302948 0.269167 0 
-0.149431 0.537966 0 
-0.0357525 0.523397 0 
0.156544 0.449679 0 
0.157399 0.532886 0 
0.0161061 0.440185 0 
0.0291252 0.50281 0 
-0.00146649 0.574673 0 
0.351732 0.416409 0 
0.297336 0.429483 0 
-0.286772 0.0826073 0 
0.338555 0.530514 0 
0.391288 0.502293 0 
0.517589 0.570767 0 
0.473565 0.53127 0 
0.468818 0.583088 0 
0.557513 0.6091 0 
0.573027 0.55549 0 
0.681626 0.569634 0 
0.738863 0.51162 0 
0.67184 0.516329 0 
0.663148 0.683275 0 
0.674415 0.631856 0 
0.631332 0.65139 0 
0.728144 0.611754 0 
0.778385 0.640626 0 
0.790394 0.565363 0 
0.668202 0.759799 0 
0.629913 0.760747 0 
0.572948 0.814768 0 
0.589561 0.762846 0 
0.549705 0.747401 0 
0.588223 0.64839 0 
0.516698 0.683976 0 
0.54559 0.651028 0 
0.501502 0.628165 0 
0.408472 0.663996 0 
0.44079 0.62248 0 
0.391779 0.6205 0 
0.291525 0.68107 0 
0.288836 0.579304 0 
0.224111 0.563279 0 
0.195318 0.681108 0 
-0.277474 -0.0134905 0 
-0.0380002 0.638198 0 
0.034482 0.638014 0 
0.0702399 0.69604 0 
0.0968112 0.641583 0 
-0.0606437 0.741311 0 
-0.110825 0.647473 0 
-0.160462 0.685377 0 
-0.142688 0.594778 0 
0.293377 1.01985 0 
-0.210047 0.672558 0 
-0.285961 0.705575 0 
-0.261651 0.667612 0 
-0.313125 0.670946 0 
-0.231569 0.625048 0 
-0.351067 0.636646 0 
-0.361009 0.687357 0 
0.309858 1.00035 0 
-0.461065 0.671285 0 
-0.506527 0.657821 0 
-0.565284 0.642939 0 
-0.554201 0.70658 0 
-0.688474 0.676897 0 
-0.396004 0.601133 0 
-0.334453 0.578367 0 
-0.254553 0.57627 0 
-0.291336 0.537593 0 
-0.196245 0.580938 0 
-0.123681 0.803793 0 
-0.162435 0.772075 0 
-0.150431 0.837292 0 
0.331273 1.05678 0 
-0.239404 0.751518 0 
-0.2177 0.779875 0 
0.466477 0.417623 0 
-0.129636 0.910383 0 
0.0217146 0.879847 0 
0.0750428 0.867611 0 
0.0320374 0.823098 0 
0.118278 0.910942 0 
0.131508 0.850599 0 
0.168054 0.945228 0 
0.206195 0.973202 0 
0.201634 0.913282 0 
0.220887 1.01929 0 
0.196592 1.06379 0 
0.247083 1.06223 0 
0.13809 1.06511 0 
0.0917947 1.03414 0 
0.0872107 1.08266 0 
-0.149664 1.03056 0 
-0.0526547 1.08544 0 
-0.0481926 1.00645 0 
-0.18671 1.06803 0 
-0.161466 0.98054 0 
-0.224214 1.08299 0 
-0.233643 1.04351 0 
0.013903 0.984838 0 
-0.0869548 0.94677 0 
0.0748923 1.24485 0 
0.0354648 1.1942 0 
0.0124672 1.26038 0 
0.0939683 1.39674 0 
0.130729 1.34127 0 
0.0415999 1.34234 0 
-0.0220319 1.30522 0 
-0.0482338 1.34052 0 
-0.0470109 1.26338 0 
-0.0757611 1.15638 0 
-0.00565741 1.13835 0 
0.0600912 1.13063 0 
0.0596491 0.99822 0 
0.176676 1.11745 0 
0.157735 1.1753 0 
0.218278 1.16547 0 
0.11236 0.979367 0 
0.336213 0.166763 0 
-0.0793426 0.887902 0 
-0.068917 0.795158 0 
-0.013954 0.778514 0 
0.0480388 0.759284 0 
0.111299 0.745957 0 
0.262056 0.723022 0 
0.21917 0.72682 0 
0.242766 0.758583 0 
0.169437 0.73458 0 
0.153771 0.793455 0 
0.255882 0.391974 0 
0.20198 0.305856 0 
0.199617 0.366134 0 
-0.117509 0.16316 0 
-0.171413 0.212437 0 
-0.274598 0.248152 0 
-0.197223 0.25815 0 
-0.227934 0.223761 0 
-0.0896468 0.431358 0 
-0.0278126 0.403614 0 
0.0370572 0.385267 0 
0.1125 0.375849 0 
0.229131 0.222814 0 
0.279407 0.254056 0 
0.253032 0.162265 0 
0.291396 0.146664 0 
0.243529 0.113838 0 
0.319847 0.153407 0 
0.310881 0.119931 0 
0.300412 0.0617794 0 
0.264737 0.0780014 0 
0.215299 0.0777959 0 
0.169174 0.0467248 0 
-0.0478802 0.121723 0 
-0.143762 -0.0462969 0 
-0.099065 -0.0967912 0 
-0.0443528 -0.136513 0 
0.1624 -0.182078 0 
0.334385 0.049166 0 
0.347717 -0.204081 0 
0.311326 -0.18305 0 
0.27673 -0.193199 0 
0.382394 -0.207877 0 
0.377698 -0.242126 0 
-0.300193 -0.138055 0 
0.383198 -0.306474 0 
0.431039 -0.279255 0 
0.463888 -0.420598 0 
0.447432 -0.377215 0 
0.476119 -0.355517 0 
0.514634 -0.430651 0 
0.48398 -0.462362 0 
0.49499 -0.766289 0 
0.419593 -0.671272 0 
0.343938 -0.677674 0 
0.324179 -0.805565 0 
0.161374 -0.493502 0 
-0.0417755 -0.292135 0 
0.00249089 -0.328556 0 
-0.0902007 -0.324434 0 
-0.0744128 -0.364762 0 
0.36989 0.314354 0 
0.310406 0.285901 0 
0.393004 0.439036 0 
0.386065 0.399307 0 
0.423961 0.471349 0 
0.468804 0.452353 0 
0.58518 0.497052 0 
0.540333 0.46387 0 
0.635455 0.490325 0 
0.595512 0.428096 0 
0.688015 0.439111 0 
0.765099 0.486056 0 
0.870141 0.630767 0 
0.684132 0.795793 0 
0.744669 0.735147 0 
0.509773 0.72923 0 
0.464944 0.725481 0 
0.494821 0.794341 0 
-0.291337 -0.166841 0 
0.433409 0.773885 0 
0.379555 0.700154 0 
0.335713 0.706402 0 
0.378012 0.757118 0 
0.300106 0.727919 0 
0.279172 1.1041 0 
0.293201 1.0548 0 
0.293197 1.14656 0 
0.344223 1.14171 0 
-0.278299 0.482814 0 
-0.28425 0.405189 0 
-0.443783 0.559035 0 
-0.575563 0.497961 0 
-0.834919 0.512725 0 
-0.782549 0.745724 0 
-0.807733 0.711113 0 
-0.829979 0.774614 0 
-0.746821 0.748318 0 
-0.761252 0.811104 0 
-0.670582 0.771361 0 
-0.452978 0.736796 0 
-0.486221 0.750415 0 
-0.463264 0.799107 0 
-0.569398 0.765099 0 
-0.403688 0.722106 0 
-0.270933 0.737114 0 
-0.267066 0.760881 0 
-0.305189 0.734722 0 
-0.22504 0.999106 0 
-0.28038 1.01539 0 
-0.191286 1.14502 0 
-0.124442 1.19055 0 
0.172828 1.42568 0 
0.158822 1.29613 0 
0.274013 1.21928 0 
-0.317855 0.759186 0 
-0.622057 0.775835 0 
-0.569319 0.825932 0 
-0.681625 0.831362 0 
-0.882183 0.6812 0 
-0.526263 0.488197 0 
-0.545346 0.428735 0 
-0.437979 0.477912 0 
-0.446313 0.417021 0 
-0.328225 0.407776 0 
-0.373476 0.39678 0 
0.305012 0.762357 0 
0.677484 0.834977 0 
0.739584 0.809168 0 
0.795574 0.785519 0 
0.798043 0.742878 0 
0.792143 0.822044 0 
0.881894 0.74908 0 
0.927526 0.654327 0 
0.787415 0.46169 0 
0.411311 0.389885 0 
-0.0640741 -0.412889 0 
0.138058 -0.500433 0 
0.486777 -0.828952 0 
0.495811 -0.874638 0 
0.608178 -0.68689 0 
-0.410094 -0.804838 0 
-0.448706 -0.789479 0 
-0.378973 -0.823206 0 
-0.418982 -0.858721 0 
-0.351817 -0.812469 0 
-0.34798 -0.848282 0 
-0.308487 -0.76314 0 
-0.278163 -0.745849 0 
-0.273035 -0.80747 0 
-0.20683 -0.731369 0 
-0.496139 -0.830158 0 
-0.556924 -0.657977 0 
-0.332756 -0.262003 0 
-0.284175 -0.224558 0 
-0.369226 -0.270301 0 
-0.315314 -0.171688 0 
0.347414 0.145507 0 
0.326002 0.184006 0 
0.314869 0.218622 0 
0.353953 0.222209 0 
0.496321 0.420902 0 
0.321609 1.02821 0 
-0.278764 -0.042763 0 
-0.282879 0.0613588 0 
-0.301439 0.246131 0 
-0.269891 1.25266 0 
0.315669 1.27019 0 
-0.528931 -0.677976 0 
0.22451 1.35115 0 
0.226968 1.38978 0 
0.061911 1.44346 0 
0.0625293 1.46554 0 
-0.0239021 1.43303 0 
-0.558287 -0.690844 0 
-0.051572 1.4537 0 
-0.0528221 1.41681 0 
-0.138188 1.39423 0 
-0.147693 1.40791 0 
-0.513171 -0.813112 0 
-0.194474 1.32496 0 
-0.214008 1.30267 0 
-0.22672 1.33511 0 
-0.206495 1.26884 0 
-0.23143 1.28346 0 
-0.225299 1.14602 0 
-0.201069 0.912945 0 
-0.188974 0.889417 0 
-0.211218 0.88798 0 
-0.338471 0.739699 0 
-0.49169 -0.794795 0 
-0.836122 0.577727 0 
-0.798965 0.577834 0 
-0.81783 0.54666 0 
-0.759323 0.491022 0 
-0.782024 0.473719 0 
-0.782722 0.497914 0 
-0.686183 0.468625 0 
-0.68125 0.446289 0 
-0.711767 0.471187 0 
-0.218357 -0.713246 0 
-0.192643 -0.709706 0 
0.235268 0.867179 0 
-0.292066 -0.822982 0 
0.847061 0.510557 0 
0.869422 0.52661 0 
0.863123 0.497299 0 
0.11968 -0.379056 0 
0.124008 -0.411409 0 
0.0998502 -0.407965 0 
0.148102 -0.395181 0 
0.141892 -0.432528 0 
-0.279243 -0.777924 0 
0.198315 -0.62588 0 
0.23482 -0.63463 0 
0.238315 -0.66033 0 
0.255339 -0.681527 0 
0.317453 -0.76596 0 
0.382499 -0.820494 0 
0.360719 -0.811219 0 
0.40649 -0.834318 0 
0.383959 -0.850516 0 
0.59005 -0.730458 0 
-0.441829 -0.753158 0 
0.608288 -0.708804 0 
0.295771 -0.0499121 0 
0.26679 -0.0756696 0 
0.295112 -0.0914299 0 
0.263049 -0.118024 0 
0.591082 -0.705383 0 
0.113163 -0.0890791 0 
-0.253595 -0.0662681 0 
-0.250829 0.0207024 0 
0.473342 -0.878386 0 
-0.239192 -0.126701 0 
0.484038 -0.856845 0 
-0.0214233 -0.237752 0 
0.058762 -0.286821 0 
0.444312 -0.489806 0 
0.478123 -0.609732 0 
0.501141 -0.799573 0 
0.505873 -0.581926 0 
0.464968 -0.572156 0 
0.359174 -0.58302 0 
0.349782 -0.633182 0 
0.310048 -0.602013 0 
0.466555 -0.796752 0 
-0.17476 -0.504345 0 
-0.133563 -0.5104 0 
-0.159054 -0.538277 0 
0.124115 -0.471446 0 
0.19116 -0.522237 0 
-0.431539 -0.484715 0 
-0.503264 -0.576872 0 
0.152132 -0.529359 0 
-0.306573 -0.397331 0 
-0.0687151 -0.438534 0 
-0.338941 -0.430289 0 
-0.343707 -0.39319 0 
-0.384407 -0.344252 0 
-0.398534 -0.371148 0 
-0.426523 -0.365673 0 
-0.451799 -0.412174 0 
-0.458723 -0.726155 0 
0.757796 0.453458 0 
-0.176277 -0.634514 0 
-0.141801 -0.623985 0 
-0.479693 -0.702478 0 
-0.269741 -0.714603 0 
-0.167338 -0.596673 0 
0.932509 0.631032 0 
0.903302 0.609134 0 
-0.114939 0.227151 0 
0.897827 0.722686 0 
0.732703 0.476414 0 
0.769062 0.595742 0 
0.646048 0.725528 0 
0.76709 0.798942 0 
0.817661 0.809983 0 
0.578308 0.722501 0 
0.76923 0.768098 0 
0.273447 0.521077 0 
-0.681012 0.590238 0 
-0.723913 0.584123 0 
-0.633101 0.588767 0 
-0.657373 0.552622 0 
-0.337319 0.531047 0 
-0.169812 0.809459 0 
-0.189217 0.78185 0 
0.647546 0.829834 0 
0.202387 0.942441 0 
-0.112988 0.994658 0 
0.0841894 1.33545 0 
0.716546 0.79302 0 
-0.0620886 1.30536 0 
0.28392 0.770527 0 
-0.0995477 0.762634 0 
-0.423253 0.442266 0 
0.291467 0.3774 0 
0.258143 0.351752 0 
-0.453532 0.512192 0 
-0.412661 0.509559 0 
0.204288 0.177629 0 
0.168992 0.156005 0 
0.294562 0.0927948 0 
0.132252 0.00497698 0 
0.178904 -0.000628484 0 
-0.10219 0.113471 0 
-0.205955 0.190962 0 
-0.14405 -0.0910463 0 
0.310493 0.0286577 0 
0.330516 0.0230608 0 
0.314596 -0.154066 0 
0.287097 -0.156051 0 
0.395746 -0.228028 0 
0.417753 -0.308914 0 
0.442788 -0.337743 0 
0.464054 -0.331833 0 
0.528602 -0.457295 0 
0.513022 -0.48374 0 
0.48605 -0.50394 0 
0.526034 -0.513196 0 
0.379787 -0.663213 0 
-0.49432 0.529255 0 
0.30613 -0.787959 0 
0.195953 -0.480575 0 
0.223632 -0.500513 0 
0.124571 -0.30285 0 
-0.000988695 -0.305964 0 
0.0282551 -0.295666 0 
0.0294491 -0.31902 0 
-0.0493643 -0.335952 0 
-0.575741 0.431192 0 
0.412458 0.414212 0 
0.433804 0.43392 0 
-0.557498 0.460228 0 
0.578124 0.454562 0 
0.610567 0.459725 0 
-0.820705 0.669314 0 
0.643998 0.456885 0 
-0.875464 0.712788 0 
0.813873 0.668923 0 
0.7815 0.6946 0 
0.692167 0.72373 0 
0.520343 0.770011 0 
-0.847345 0.693999 0 
0.484314 0.760179 0 
-0.684569 0.805752 0 
0.429752 0.743745 0 
0.396346 0.734103 0 
-0.706939 0.826388 0 
0.36166 0.732124 0 
0.33004 0.740167 0 
-0.539182 0.818105 0 
0.187728 0.804834 0 
0.316268 1.12465 0 
0.342373 1.11379 0 
0.316765 1.09004 0 
-0.317974 0.499486 0 
-0.644332 0.52012 0 
-0.678713 0.522653 0 
-0.560555 0.799708 0 
0.271414 1.1817 0 
-0.843043 0.728899 0 
-0.848071 0.760132 0 
0.107427 1.29246 0 
-0.793231 0.772416 0 
-0.709554 0.756239 0 
-0.737484 0.784456 0 
-0.706861 0.79408 0 
-0.465577 0.775118 0 
-0.500676 0.779721 0 
-0.486095 0.804936 0 
-0.522296 0.749925 0 
-0.533706 0.787213 0 
-0.399895 0.758408 0 
-0.4293 0.76182 0 
-0.156473 0.940642 0 
-0.2256 0.96118 0 
-0.246259 0.982266 0 
-0.253278 1.00994 0 
-0.269774 0.985047 0 
0.13946 1.23922 0 
0.185244 1.26208 0 
-0.0842692 1.22284 0 
0.118139 1.41824 0 
-0.0678512 1.36543 0 
0.179741 1.34027 0 
0.159163 1.37461 0 
-0.162091 1.16584 0 
0.240313 1.21478 0 
-0.591135 0.802176 0 
-0.625807 0.814254 0 
-0.599654 0.832217 0 
-0.656792 0.805518 0 
-0.656105 0.834536 0 
-0.85492 0.660633 0 
-0.861265 0.634051 0 
-0.884138 0.648516 0 
-0.528653 0.451462 0 
-0.499189 0.453936 0 
-0.51496 0.426213 0 
-0.478836 0.485222 0 
-0.46171 0.449839 0 
-0.12651 1.14681 0 
-0.34989 0.402324 0 
-0.240571 1.1116 0 
-0.316237 0.382668 0 
-0.204736 1.1117 0 
0.327432 0.757387 0 
0.710437 0.817846 0 
0.707449 0.837801 0 
0.829291 0.771186 0 
0.765199 0.830788 0 
0.835042 0.739982 0 
0.863227 0.773308 0 
0.8944 0.665835 0 
0.920396 0.675017 0 
0.793606 0.490159 0 
0.816237 0.471924 0 
-0.0572484 -0.388516 0 
-0.288604 1.04638 0 
-0.264623 1.03434 0 
0.455639 -0.850997 0 
0.508641 -0.851249 0 
0.517429 -0.867348 0 
0.584088 -0.685712 0 
0.576072 -0.659244 0 
0.606335 -0.665055 0 
-0.440553 -0.829331 0 
-0.19899 0.980719 0 
-0.40648 -0.834094 0 
-0.334312 -0.787858 0 
-0.301875 -0.796171 0 
-0.443516 0.700803 0 
-0.258562 -0.76458 0 
-0.255309 -0.790262 0 
-0.24164 -0.736628 0 
-0.221918 -0.752347 0 
-0.470824 -0.817649 0 
-0.477016 -0.844421 0 
-0.524664 -0.646654 0 
-0.552142 -0.625348 0 
-0.303331 -0.252117 0 
-0.317387 -0.229614 0 
-0.30178 -0.197227 0 
-0.332376 -0.204564 0 
0.336616 0.202255 0 
0.31566 0.255264 0 
0.337288 0.272308 0 
0.335912 0.245079 0 
0.505746 0.448597 0 
0.526834 0.421843 0 
-0.360511 0.721241 0 
-0.282244 -0.0731848 0 
-0.279411 0.039463 0 
-0.601803 0.734239 0 
-0.30068 0.222979 0 
-0.255787 1.22054 0 
-0.279471 1.2209 0 
0.294193 1.24277 0 
0.329592 1.23435 0 
0.303486 1.20853 0 
0.272194 1.30362 0 
0.250209 1.32131 0 
0.263563 1.35499 0 
0.223391 1.25498 0 
0.0890583 1.42992 0 
0.110907 1.45179 0 
0.0624043 1.40954 0 
0.00561354 1.44532 0 
0.00748971 1.46678 0 
0.00182296 1.41439 0 
-0.440495 0.793034 0 
-0.103636 1.43355 0 
-0.127707 1.31191 0 
-0.15504 1.37049 0 
-0.121368 1.37092 0 
-0.17449 1.3476 0 
-0.189132 1.37495 0 
-0.145667 1.28258 0 
-0.160579 1.31687 0 
-0.132024 1.24028 0 
-0.172537 1.25417 0 
-0.229895 1.21377 0 
-0.202571 1.23054 0 
-0.295657 1.10571 0 
-0.273468 1.10823 0 
-0.291848 1.16115 0 
-0.277003 1.1612 0 
-0.217481 0.93239 0 
-0.243465 0.931964 0 
-0.72015 0.715218 0 
-0.638858 0.738171 0 
-0.850791 0.608633 0 
-0.67535 0.7239 0 
-0.798941 0.639273 0 
-0.760222 0.638902 0 
-0.780826 0.608432 0 
-0.739525 0.545222 0 
-0.761982 0.578511 0 
-0.710798 0.525243 0 
-0.735085 0.509491 0 
-0.768404 0.776742 0 
-0.731707 0.45821 0 
-0.73288 0.481721 0 
-0.62745 0.463169 0 
-0.631193 0.437984 0 
-0.656914 0.457824 0 
-0.364329 0.454186 0 
-0.386938 0.43232 0 
-0.762751 0.711472 0 
-0.311216 0.313941 0 
-0.326077 0.358059 0 
-0.292737 0.127889 0 
-0.269285 0.117463 0 
-0.29728 0.175859 0 
-0.809794 0.786946 0 
0.25314 0.906392 0 
0.20892 0.840787 0 
0.897862 0.526601 0 
-0.816344 0.754266 0 
-0.798308 0.51852 0 
0.897787 0.574625 0 
-0.618044 0.495768 0 
0.321006 0.356709 0 
0.34687 0.334644 0 
-0.593393 0.46381 0 
0.105048 -0.353244 0 
0.0801388 -0.341959 0 
-0.608381 0.540435 0 
0.124499 -0.349439 0 
0.143822 -0.363651 0 
0.206906 -0.561045 0 
-0.54977 0.539313 0 
0.240284 -0.562696 0 
0.268532 -0.619503 0 
-0.279841 0.446081 0 
0.321859 1.15168 0 
0.385224 -0.754761 0 
0.430268 -0.783254 0 
0.402332 -0.775403 0 
0.343425 1.16961 0 
0.427151 -0.872876 0 
0.426057 -0.848286 0 
0.312153 1.17588 0 
0.54663 -0.769729 0 
0.579681 -0.809297 0 
0.55393 -0.843432 0 
0.318969 -0.0742393 0 
0.223927 -0.0782336 0 
0.25431 0.00342534 0 
0.280523 -0.020433 0 
0.256085 -0.040855 0 
0.258299 1.14138 0 
0.32407 -0.0268822 0 
0.304021 -0.0192003 0 
0.0730828 -0.115596 0 
-0.256313 -0.00424447 0 
-0.269272 -0.141137 0 
0.423769 0.707337 0 
-0.374762 -0.320408 0 
0.454739 0.757549 0 
0.0348777 -0.220878 0 
0.0265008 -0.262356 0 
0.0826929 -0.224426 0 
0.488737 0.703801 0 
0.414992 -0.565292 0 
0.543703 0.713703 0 
0.535419 -0.654114 0 
0.569822 -0.624507 0 
0.707756 0.764254 0 
0.449521 -0.638193 0 
0.501749 -0.679431 0 
0.559442 -0.52355 0 
0.537423 -0.553126 0 
0.591563 -0.602461 0 
0.543424 -0.595505 0 
0.402098 -0.62223 0 
0.82684 0.636202 0 
0.263648 -0.54473 0 
-0.21878 -0.50623 0 
-0.230585 -0.544428 0 
0.840744 0.606625 0 
-0.194047 -0.460504 0 
-0.157851 -0.436537 0 
-0.0940741 -0.445836 0 
-0.1104 -0.476824 0 
0.874703 0.697797 0 
-0.34534 -0.537707 0 
0.851812 0.667529 0 
0.673424 0.47367 0 
-0.458212 -0.577363 0 
-0.533194 -0.564348 0 
0.625124 0.431397 0 
-0.502557 -0.509968 0 
-0.232137 -0.425457 0 
0.627711 0.538252 0 
-0.334952 -0.481691 0 
-0.422074 -0.432868 0 
-0.381637 -0.456442 0 
-0.401833 -0.323805 0 
-0.509714 -0.761324 0 
0.458886 0.490097 0 
-0.524649 -0.730468 0 
-0.195619 -0.663181 0 
-0.165932 -0.66685 0 
-0.382463 -0.748005 0 
-0.415539 -0.72282 0 
-0.535227 -0.704977 0 
-0.508501 -0.70194 0 
-0.489948 -0.665391 0 
0.496401 0.483902 0 
-0.44852 -0.649644 0 
0.431668 0.511523 0 
-0.209555 -0.689652 0 
-0.230785 -0.665131 0 
-0.224375 -0.606998 0 
0.390233 0.470112 0 
-0.174579 -0.563965 0 
-0.233583 0.122451 0 
-0.277989 0.175671 0 
0.163477 0.105224 0 
0.363576 0.287753 0 
-0.225924 0.347634 0 
-0.188284 0.363227 0 
-0.191621 0.410309 0 
0.100231 0.500012 0 
0.378482 0.34005 0 
0.323766 0.390423 0 
0.70791 0.530313 0 
0.806252 0.602703 0 
0.649185 0.788808 0 
0.615364 0.794672 0 
-0.0892747 -0.275093 0 
0.550784 0.809063 0 
0.556594 0.786079 0 
0.595214 0.819991 0 
-0.0227102 -0.345713 0 
0.585935 0.795667 0 
0.611113 0.732876 0 
-0.0224689 -0.321659 0 
0.244183 0.634245 0 
0.200237 -0.445924 0 
0.304744 0.629671 0 
0.347661 0.596586 0 
0.166889 -0.45697 0 
-0.112651 0.716463 0 
0.339426 -0.790043 0 
-0.193627 0.710249 0 
-0.160157 0.731637 0 
-0.737848 0.674328 0 
-0.714096 0.629361 0 
0.343214 -0.822023 0 
-0.658941 0.633089 0 
-0.612444 0.627745 0 
0.437885 -0.71408 0 
-0.580439 0.588461 0 
-0.292943 0.577773 0 
-0.131714 0.757237 0 
-0.199992 0.748635 0 
0.127355 1.02207 0 
-0.102501 1.04927 0 
-0.141815 1.07382 0 
-0.109925 1.10471 0 
0.453389 -0.531906 0 
-0.255507 1.08013 0 
-0.267254 1.05647 0 
0.401875 -0.346594 0 
0.068449 1.37275 0 
-0.00431332 1.35039 0 
0.398108 -0.277055 0 
0.0168287 1.31123 0 
0.368698 -0.275923 0 
0.3701 -0.188701 0 
0.211554 -0.136872 0 
-0.0848813 0.83841 0 
0.232203 0.434404 0 
0.271474 -0.232365 0 
0.308072 -0.222063 0 
0.234147 0.322423 0 
0.33371 -0.168946 0 
-0.269839 0.207422 0 
0.33884 0.0781528 0 
0.228923 -0.204085 0 
0.194788 0.26397 0 
0.235785 0.279646 0 
0.212988 0.0244994 0 
0.274635 0.207307 0 
0.320388 0.085329 0 
0.277905 0.0367187 0 
0.245049 0.0440942 0 
-0.190338 -0.0392687 0 
0.194862 1.37697 0 
0.704768 0.466087 0 
-0.146135 -0.56815 0 
0.63819 0.809975 0 
0.831038 0.705652 0 
0.175717 1.39835 0 
0.862477 0.727912 0 
0.66497 0.451168 0 
0.148674 1.40684 0 
0.854383 0.752292 0 
-0.23141 0.388267 0 
0.704917 0.495745 0 
-0.268307 1.20308 0 
0.889186 0.546872 0 
0.550231 -0.503386 0 
0.56818 -0.543031 0 
0.584442 -0.582421 0 
0.570534 -0.59538 0 
0.56343 -0.572018 0 
0.597737 -0.622793 0 
0.253473 -0.161634 0 
0.0808014 -0.310108 0 
0.125207 1.38396 0 
-0.125215 -0.250596 0 
0.265376 0.473073 0 
-0.0669136 1.39045 0 
0.461227 -0.824219 0 
0.159192 -0.117298 0 
0.659308 0.811875 0 
-0.00751823 1.38741 0 
0.330347 0.132249 0 
0.30547 0.484356 0 
0.100513 1.36604 0 
0.189898 -0.0968446 0 
-0.13127 -0.543651 0 
-0.50253 -0.636857 0 
0.541111 -0.623142 0 
-0.133638 0.00964065 0 
-0.0651408 0.689834 0 
0.369266 -0.328615 0 
-0.419871 -0.39612 0 
-0.324083 -0.817582 0 
0.915451 0.591544 0 
-0.0585927 -0.257485 0 
-0.108495 -0.504838 0 
0.340405 0.302846 0 
0.90557 0.638221 0 

