0.595079 0.231776 10 
0.575662 0.232163 10 
0.566197 0.23388 10 
0.585527 0.231949 10 
0.685619 0.247813 10 
0.284043 0.250873 10 
0.73368 0.248645 10 
0.275878 0.249929 10 
0.26731 0.252336 10 
0.291652 0.25502 10 
0.593842 0.264983 10 
0.451096 0.264255 10 
0.419665 0.264327 10 
0.585381 0.267184 10 
0.707106 0.273826 10 
0.691471 0.288404 10 
0.443245 0.294963 10 
0.433513 0.296141 10 
0.650589 0.301834 10 
0.691948 0.304384 10 
0.290364 0.327451 10 
0.295383 0.335252 10 
0.253574 0.338541 10 
0.304317 0.341429 10 
0.314716 0.346202 10 
0.431358 0.363641 10 
0.476889 0.370698 10 
0.467862 0.370498 10 
0.457906 0.371307 10 
0.43839 0.368923 10 
0.495603 0.372875 10 
0.485817 0.37172 10 
0.352291 0.372309 10 
0.269463 0.374017 10 
0.583997 0.384728 10 
0.676802 0.426892 10 
0.309407 0.432329 10 
0.678995 0.437181 10 
0.312681 0.446923 10 
0.691767 0.475302 10 
0.547557 0.556751 10 
0.53932 0.554915 10 
0.517926 0.555403 10 
0.683076 0.554815 10 
0.495787 0.558122 10 
0.485713 0.560239 10 
0.476223 0.562574 10 
0.447265 0.572873 10 
0.682889 0.581822 10 
0.406987 0.585604 10 
0.379796 0.586453 10 
0.307774 0.607316 10 
0.682943 0.603974 10 
0.303787 0.631495 10 
0.300104 0.64899 10 
0.588118 0.656413 10 
0.334826 0.653134 10 
0.626948 0.666137 10 
0.632322 0.672171 10 
0.54018 0.679452 10 
0.544774 0.687497 10 
0.552476 0.690467 10 
0.295586 0.706282 10 
0.661733 0.709013 10 
0.280058 0.768759 10 
0.259653 0.771506 10 
0.248 0.771967 10 
0.235551 0.792836 10 
0.292992 0.797521 10 
0.272266 0.8038 10 
0.262594 0.80507 10 
0.253106 0.803662 10 
0.603672 0.233062 10 
0.610057 0.238312 10 
0.728686 0.243822 10 
0.713636 0.240382 10 
0.704691 0.241261 10 
0.557897 0.238501 10 
0.721713 0.241126 10 
0.695069 0.24376 10 
0.612488 0.247346 10 
0.551219 0.24503 10 
0.735612 0.25472 10 
0.677489 0.253585 10 
0.546619 0.252114 10 
0.734165 0.260945 10 
0.671267 0.261274 10 
0.609915 0.256669 10 
0.544183 0.260062 10 
0.259086 0.258169 10 
0.29757 0.261716 10 
0.730013 0.266459 10 
0.602984 0.262595 10 
0.440412 0.262248 10 
0.429224 0.262538 10 
0.252663 0.26694 10 
0.723769 0.270304 10 
0.715808 0.272326 10 
0.666686 0.27014 10 
0.542647 0.2696 10 
0.458496 0.270108 10 
0.41194 0.267953 10 
0.299476 0.269675 10 
0.699297 0.276574 10 
0.580141 0.27216 10 
0.405004 0.273003 10 
0.296662 0.277596 10 
0.693904 0.281538 10 
0.662928 0.278777 10 
0.578423 0.280238 10 
0.540276 0.280314 10 
0.460891 0.27898 10 
0.398273 0.278798 10 
0.249067 0.277094 10 
0.659187 0.286531 10 
0.291819 0.285122 10 
0.458352 0.28751 10 
0.39182 0.28546 10 
0.248166 0.28692 10 
0.578138 0.290319 10 
0.536502 0.2909 10 
0.45204 0.292872 10 
0.38571 0.293148 10 
0.288518 0.29282 10 
0.691257 0.296211 10 
0.655073 0.293934 10 
0.249017 0.295702 10 
0.577804 0.301404 10 
0.424431 0.299122 10 
0.380194 0.301318 10 
0.287815 0.301073 10 
0.532236 0.300178 10 
0.416657 0.304977 10 
0.250525 0.30381 10 
0.692288 0.313038 10 
0.646023 0.310655 10 
0.52931 0.307498 10 
0.37559 0.309164 10 
0.288318 0.309751 10 
0.251884 0.312033 10 
0.57793 0.312881 10 
0.410082 0.31313 10 
0.529423 0.317037 10 
0.528839 0.312783 10 
0.371678 0.3164 10 
0.252843 0.320805 10 
0.691043 0.322527 10 
0.641832 0.320258 10 
0.528583 0.322336 10 
0.404996 0.322484 10 
0.367932 0.323406 10 
0.288817 0.318671 10 
0.578901 0.324403 10 
0.687688 0.332767 10 
0.525934 0.330301 10 
0.364021 0.330596 10 
0.25341 0.329866 10 
0.637844 0.329947 10 
0.57981 0.335786 10 
0.402615 0.331828 10 
0.63339 0.339043 10 
0.360258 0.338047 10 
0.683403 0.343127 10 
0.523157 0.341038 10 
0.404478 0.33995 10 
0.628768 0.347608 10 
0.410607 0.346385 10 
0.357887 0.345849 10 
0.25381 0.34618 10 
0.579717 0.34689 10 
0.521372 0.353349 10 
0.418458 0.351854 10 
0.324127 0.35024 10 
0.680401 0.353112 10 
0.578688 0.357685 10 
0.35842 0.354288 10 
0.257093 0.357678 10 
0.254964 0.352459 10 
0.624919 0.356104 10 
0.42536 0.357509 10 
0.338461 0.359002 10 
0.33192 0.354206 10 
0.679378 0.362872 10 
0.519271 0.364589 10 
0.621564 0.364773 10 
0.577882 0.368128 10 
0.361964 0.3633 10 
0.344763 0.365355 10 
0.263804 0.367946 10 
0.259871 0.36261 10 
0.678555 0.372829 10 
0.617208 0.373559 10 
0.505814 0.373506 10 
0.365866 0.371663 10 
0.514323 0.371538 10 
0.447545 0.371481 10 
0.610715 0.381636 10 
0.579149 0.377585 10 
0.365951 0.376942 10 
0.360526 0.377056 10 
0.276303 0.380759 10 
0.676483 0.3832 10 
0.592295 0.388184 10 
0.283018 0.387864 10 
0.67427 0.394029 10 
0.602003 0.387078 10 
0.288903 0.394948 10 
0.673752 0.405169 10 
0.294165 0.401885 10 
0.298975 0.408996 10 
0.674983 0.416215 10 
0.303168 0.416597 10 
0.30664 0.424523 10 
0.311406 0.439737 10 
0.682351 0.446783 10 
0.686618 0.455025 10 
0.313636 0.454656 10 
0.689972 0.461821 10 
0.314351 0.463932 10 
0.691346 0.468176 10 
0.314199 0.474933 10 
0.692388 0.483601 10 
0.313148 0.486493 10 
0.692998 0.492677 10 
0.692942 0.502033 10 
0.312408 0.497111 10 
0.691938 0.511469 10 
0.313377 0.506406 10 
0.316356 0.515384 10 
0.689972 0.520578 10 
0.319699 0.525381 10 
0.68726 0.528569 10 
0.684494 0.535332 10 
0.320998 0.536624 10 
0.682649 0.541748 10 
0.682282 0.548315 10 
0.3202 0.547452 10 
0.506623 0.556411 10 
0.683757 0.561757 10 
0.552644 0.561748 10 
0.529078 0.554893 10 
0.320636 0.561312 10 
0.319817 0.555621 10 
0.320377 0.567377 10 
0.683456 0.570618 10 
0.466897 0.56543 10 
0.457325 0.568988 10 
0.554508 0.569436 10 
0.436797 0.576648 10 
0.317878 0.575813 10 
0.5545 0.578114 10 
0.426242 0.58015 10 
0.554144 0.586875 10 
0.416114 0.583263 10 
0.314515 0.586113 10 
0.398666 0.586532 10 
0.389886 0.586175 10 
0.369215 0.589476 10
0.554109 0.595726 10 
0.359741 0.595182 10
0.311195 0.596935 10 
0.352343 0.601892 10  
0.347353 0.608497 10 
0.554181 0.612447 10 
0.344625 0.615017 10 
0.68236 0.620871 10 
0.552672 0.620144 10 
0.305066 0.616488 10 
0.343009 0.621842 10 
0.549464 0.628216 10 
0.340951 0.629244 10 
0.304087 0.624196 10 
0.682403 0.629852 10 
0.545997 0.636864 10 
0.682611 0.639197 10 
0.33818 0.637201 10 
0.302442 0.639841 10 
0.3358 0.645309 10 
0.682249 0.648274 10 
0.544145 0.6454 10 
0.543489 0.653246 10 
0.681418 0.657189 10 
0.297912 0.657218 10 
0.610176 0.660914 10 
0.600968 0.658761 10 
0.593231 0.656434 10 
0.58493 0.660998 10 
0.541997 0.66097 10 
0.33487 0.660693 10 
0.680784 0.666449 10 
0.619262 0.66285 10 
0.581359 0.668723 10 
0.5399 0.669734 10 
0.296985 0.67003 10 
0.29685 0.663813 10 
0.33444 0.668266 10 
0.297256 0.677508 10 
0.680313 0.676143 10 
0.575797 0.67626 10 
0.332915 0.676006 10 
0.568671 0.682573 10 
0.679205 0.685903 10 
0.635581 0.680522 10 
0.560827 0.687926 10 
0.331346 0.684047 10 
0.296893 0.686625 10 
0.676883 0.695334 10 
0.638408 0.688894 10 
0.330828 0.692352 10 
0.648197 0.700636 10 
0.642517 0.695459 10 
0.296206 0.696521 10 
0.673243 0.703574 10 
0.330743 0.700453 10 
0.654813 0.705494 10 
0.329771 0.708064 10 
0.668144 0.70867 10 
0.327966 0.715598 10 
0.295071 0.715809 10 
0.326629 0.723726 10 
0.295019 0.725489 10 
0.326787 0.732839 10 
0.29559 0.735297 10 
0.32809 0.742636 10 
0.295732 0.744616 10 
0.328948 0.752004 10 
0.294227 0.752862 10 
0.32788 0.760058 10 
0.291136 0.759767 10 
0.324834 0.767315 10 
0.286679 0.765124 10 
0.270787 0.770757 10 
0.320974 0.774823 10 
0.237599 0.773705 10 
0.231066 0.778119 10 
0.316817 0.782399 10 
0.230515 0.785112 10 
0.311236 0.788854 10 
0.303102 0.793689 10 
0.243798 0.799377 10 
0.282409 0.800956 10 


